time,timestamp,seconds,connectivity,alarmtimer:alarmtimer_fired,alarmtimer:alarmtimer_start,block:block_bio_backmerge,block:block_bio_remap,block:block_dirty_buffer,block:block_getrq,block:block_touch_buffer,block:block_unplug,cachefiles:cachefiles_create,cachefiles:cachefiles_lookup,cachefiles:cachefiles_mark_active,clk:clk_set_rate,cpu-migrations,cs,dma_fence:dma_fence_init,fib:fib_table_lookup,filemap:mm_filemap_add_to_page_cache,gpio:gpio_value,ipi:ipi_raise,irq:irq_handler_entry,irq:softirq_entry,jbd2:jbd2_handle_start,jbd2:jbd2_start_commit,kmem:kfree,kmem:kmalloc,kmem:kmem_cache_alloc,kmem:kmem_cache_free,kmem:mm_page_alloc,kmem:mm_page_alloc_zone_locked,kmem:mm_page_free,kmem:mm_page_pcpu_drain,mmc:mmc_request_start,net:net_dev_queue,net:net_dev_xmit,net:netif_rx,page-faults,pagemap:mm_lru_insertion,preemptirq:irq_enable,qdisc:qdisc_dequeue,random:get_random_bytes,random:mix_pool_bytes_nolock,random:urandom_read,raw_syscalls:sys_enter,raw_syscalls:sys_exit,rpm:rpm_resume,rpm:rpm_suspend,sched:sched_process_exec,sched:sched_process_free,sched:sched_process_wait,sched:sched_switch,sched:sched_wakeup,signal:signal_deliver,signal:signal_generate,skb:consume_skb,skb:kfree_skb,skb:skb_copy_datagram_iovec,sock:inet_sock_set_state,task:task_newtask,tcp:tcp_destroy_sock,tcp:tcp_probe,timer:hrtimer_start,timer:timer_start,udp:udp_fail_queue_rcv_skb,workqueue:workqueue_activate_work,writeback:global_dirty_state,writeback:sb_clear_inode_writeback,writeback:wbc_writepage,writeback:writeback_dirty_inode,writeback:writeback_dirty_inode_enqueue,writeback:writeback_dirty_page,writeback:writeback_mark_inode_dirty,writeback:writeback_pages_written,writeback:writeback_single_inode,writeback:writeback_write_inode,writeback:writeback_written
50.0103,1624966353908,50.010278421,1,0,0,20,49,1291,29,1444,9,0,0,0,16,69,6186645,0,50,5,212,12546,2236184,24825,1310,3,191863,138820,57516,57947,20694,11247,20680,10930,106,1092,1092,37,37888,17702,21998352,2235,74,424,259,4199881,4199789,112,128,73,85,163,6186487,3984799,94,125,3011,319,1163,0,87,0,917,7812707,2954,0,480,10,13,18,1543,19,11,1554,4,17,15,12
100.019,1624966411308,50.009118256,1,0,0,17,29,1291,12,1507,6,0,0,0,36,101,6188789,0,28,5,144,20087,2261583,24026,1314,3,194741,141073,61574,62394,24027,14273,24098,13953,72,1090,1090,37,43658,20875,22135876,2231,78,428,264,4183223,4183121,110,127,76,92,168,6188623,3961447,94,127,3155,329,1406,0,90,0,911,7834682,2990,0,495,12,6,4,1570,22,16,1586,6,7,6,11
150.03,1624966468891,50.010650878,1,0,0,14,24,1291,10,1488,3,0,0,0,8,96,5926998,0,25,5,138,20236,2029386,24013,1303,2,192892,139715,61490,62336,24033,14018,24072,13607,69,1082,1082,37,43661,20874,20723748,2215,78,419,264,4149464,4149370,108,124,76,89,168,5926906,3928755,94,127,3135,329,1407,0,90,0,912,7437482,2865,0,485,10,1,9,1556,21,14,1570,10,2,1,12
200.043,1624966525581,50.013094163,1,0,0,18,37,1295,19,1547,6,0,0,0,10,87,6230502,0,31,5,172,12956,2344458,26227,1314,3,193156,139785,60973,61587,24068,13673,24076,13261,86,1123,1124,60,43274,20925,22567172,2251,76,422,267,4137927,4137833,110,126,75,87,166,6230347,3918453,94,126,3181,337,1433,11,87,2,941,7968653,2906,0,497,9,10,15,1572,22,16,1588,9,8,6,12
250.056,1624966582517,50.013372314,1,0,0,13,28,1291,15,1486,4,0,0,0,4,65,6049457,0,25,5,156,11695,2146943,24572,1312,2,190621,137805,55967,56749,20503,10987,20564,10709,78,1082,1082,33,37144,17557,21378652,2223,73,422,259,4148640,4148543,108,124,71,84,160,6049186,3936262,93,123,2976,320,1166,0,83,0,906,7670752,2775,0,472,9,6,8,1544,18,13,1557,9,7,6,11
300.073,1624966638997,50.017015886,1,0,0,16,33,1294,17,1500,5,0,0,0,16,86,6100481,0,27,5,164,25400,2201075,24821,1317,3,189513,137039,56001,56782,20563,10988,20603,10584,82,1074,1074,33,37115,17587,21701914,2207,73,419,260,4144219,4144116,112,129,71,84,160,6100203,3932569,93,123,2962,323,1164,0,83,0,902,7750623,2814,0,467,10,6,8,1544,18,13,1557,10,7,6,13
350.082,1624966696071,50.009159422,1,0,0,17,37,1294,20,1497,6,0,0,0,0,68,5955407,0,32,5,176,6859,1989083,24698,1312,3,192054,138923,57422,58179,22705,13890,20720,11182,88,1094,1094,37,37891,19730,20569120,2239,74,424,259,4215598,4215498,114,130,73,88,164,5955216,4000057,94,125,2997,319,1168,0,87,0,914,7461822,2852,0,461,10,10,15,1550,18,13,1563,10,8,6,14
400.093,1624966753317,50.010506122,1,0,0,15,34,1292,19,1531,5,0,0,0,10,70,6130405,0,29,5,172,15615,2207612,25014,1320,2,194702,141024,62514,63155,24364,14468,24407,14237,86,1093,1093,37,44138,21056,21822869,2237,85,427,265,4179789,4179672,110,126,84,98,176,6130270,3956951,94,135,3171,332,1423,0,98,0,915,7752616,2910,0,482,11,11,8,1570,21,13,1583,10,12,11,14
450.104,1624966810364,50.010604892,1,0,0,21,37,1297,16,1503,5,0,0,0,8,80,5962760,0,26,5,160,19375,2043677,24685,1314,3,194761,141024,61400,62295,24009,13797,24087,13607,80,1090,1090,37,43693,20881,20841121,2230,78,423,264,4175122,4174998,112,128,76,90,168,5962574,3953282,94,127,3153,329,1409,0,89,0,911,7441539,2939,0,502,9,6,8,1563,21,13,1576,9,7,6,12
500.115,1624966867102,50.010606475,1,0,0,20,37,1298,17,1503,5,0,0,0,4,73,5931652,0,26,5,164,5707,2005709,23309,1310,3,194334,140712,61541,62335,24060,14365,24108,14205,82,1089,1089,37,43646,20886,20621531,2229,78,423,265,4176050,4175947,112,127,76,89,168,5931457,3954549,94,127,3153,333,1407,0,90,0,912,7461801,2888,0,490,9,6,8,1560,21,17,1577,9,7,6,11
550.126,1624966923804,50.010733237,1,0,0,17,33,1294,16,1485,5,0,0,0,8,66,5956464,0,25,5,160,12297,2013418,24840,1313,3,192095,138592,56673,58093,20637,11618,23294,13859,80,1087,1087,33,38385,17657,20651175,2233,73,424,259,4192857,4192771,112,128,72,85,163,5956487,3977668,93,124,3103,325,1330,0,84,0,910,7487936,2811,0,488,9,6,8,1571,21,13,1584,9,7,6,12
600.138,1624966980865,50.012132513,1,0,0,17,37,1294,20,1490,6,0,0,0,2,91,6076988,0,28,5,176,21183,2185789,24198,1316,3,190934,138023,55984,56871,20549,11239,20622,10993,88,1087,1087,33,37162,17577,21584363,2233,73,422,260,4137034,4136943,114,130,71,84,160,6076705,3924057,93,123,2988,323,1166,0,83,0,914,7691304,2822,0,480,10,10,15,1543,18,13,1556,10,8,6,14
650.15,1624967037735,50.011707891,1,0,0,14,29,1292,15,1493,4,0,0,0,20,91,5945622,0,28,5,156,22969,2024024,24328,1312,2,191158,138208,56431,57128,20687,11309,20751,10866,78,1087,1087,33,37415,17675,20689051,2233,76,426,260,4170405,4170300,108,124,75,88,164,5945314,3957092,93,127,2996,323,1168,0,88,0,908,7511525,2856,0,471,9,6,8,1544,18,13,1557,9,7,6,12
700.161,1624967094900,50.010621980,1,0,0,14,28,2571,14,2900,4,0,0,0,8,82,6191585,0,29,10,152,16905,2265578,25668,2614,2,192028,139165,62745,62911,24097,14398,21594,11433,76,1080,1080,37,43566,20901,22155834,2211,79,417,265,4179571,4179465,108,124,79,91,169,6191342,3959092,94,130,3120,329,1387,0,92,0,911,7824351,2877,0,475,8,6,8,2841,24,18,2859,8,7,6,10
750.174,1624967151828,50.013369152,1,0,0,16,33,1294,17,1501,5,0,0,0,17,103,6075825,0,43,5,164,16486,2149988,25074,1314,3,194740,141042,62187,62952,24230,13770,24279,13607,82,1134,1135,64,44077,21061,21475612,2265,78,425,266,4182385,4182272,112,127,77,91,170,6075504,3960159,95,128,3207,336,1436,11,91,2,945,7644387,2998,0,501,10,6,8,1570,21,13,1583,10,7,6,13
800.184,1624967208868,50.010453746,1,0,0,17,33,1294,16,1504,5,0,0,0,6,86,6085623,0,74,5,160,17518,2173599,25338,1310,3,194345,140731,61513,62458,24025,13958,24127,13575,80,1085,1085,37,43662,20866,21611009,2221,78,423,264,4167416,4167314,112,128,76,91,168,6085504,3946010,94,127,3155,363,1403,0,89,0,914,7650457,2939,0,486,10,6,8,1571,21,13,1584,10,7,6,13
850.194,1624967265790,50.009613971,1,0,0,17,34,1294,17,1486,5,0,0,0,10,67,6036279,0,40,5,164,12297,2107385,25036,1312,3,192400,138812,58089,59330,21839,12974,23682,13859,82,1086,1086,33,40526,18779,21213086,2231,75,424,259,4179036,4178949,112,128,73,86,164,6036196,3962081,93,125,3153,328,1396,0,85,0,909,7562799,2875,0,484,10,6,9,1563,21,14,1577,10,7,6,13
900.203,1624967322592,50.009101675,1,0,0,16,34,1294,18,1488,6,0,0,0,4,77,6014056,0,31,5,168,7999,2067625,23839,1310,3,191745,138616,56407,57333,20687,11244,20786,11118,84,1082,1082,33,37342,17666,20991387,2223,77,428,259,4191650,4191552,114,130,75,89,164,6013900,3978058,93,127,2986,320,1169,0,87,0,907,7566933,2783,0,463,10,9,11,1535,19,16,1551,8,8,6,11
950.216,1624967379537,50.013225356,1,0,0,14,28,1291,14,1491,4,0,0,0,2,74,6149739,0,41,5,152,15632,2220031,24264,1308,2,190689,137852,56048,56822,20526,11368,20599,11055,76,1085,1085,33,37178,17579,21889181,2229,73,422,260,4172195,4172095,108,124,71,85,160,6149459,3959761,93,123,2994,326,1164,0,85,0,908,7801700,2806,0,438,8,6,8,1542,18,13,1555,8,7,6,10
1000.23,1624967436509,50.011576128,1,0,0,17,34,1294,17,1494,5,0,0,0,10,77,6111787,0,56,5,164,6139,2190621,25360,1310,3,193907,140732,59937,60429,22438,13076,21200,11465,82,1137,1138,64,40176,19337,21671331,2270,76,425,267,4174518,4174424,112,128,75,88,166,6111595,3955786,95,126,3066,334,1217,11,88,2,955,7666522,2929,0,467,10,6,9,1536,18,14,1550,10,7,6,13
1050.24,1624967493654,50.013548746,1,0,0,18,37,1294,19,1495,6,0,0,0,20,98,5944301,0,28,5,172,16029,2009920,24026,1308,3,194638,140961,61596,62335,24043,13830,24101,13733,86,1094,1094,37,43726,20886,20672652,2239,78,423,265,4188499,4188398,114,131,76,90,168,5944087,3966738,94,127,3164,332,1405,0,90,0,918,7470626,2856,0,477,10,10,15,1571,21,13,1584,10,8,6,14
1100.25,1624967550959,50.009092854,1,0,0,15,29,1292,14,1508,4,0,0,0,0,84,5880985,0,28,5,152,7469,1986871,24744,1310,2,193913,140397,61407,62228,23992,13765,24083,13481,76,1086,1086,37,43719,20876,20441897,2223,78,421,264,4144894,4144797,108,124,76,89,168,5880842,3923456,94,127,3145,329,1401,0,89,0,912,7352475,2801,0,462,9,6,8,1558,21,13,1571,9,7,6,12
1150.26,1624967607690,50.013742216,1,0,0,13,31,1291,18,1478,5,0,0,0,2,82,5980960,0,26,5,170,9866,2068038,24243,1308,2,191771,138464,59704,60877,22540,12537,23882,13291,85,1088,1088,37,41872,19415,20940706,2227,76,421,259,4162124,4162021,110,126,75,89,168,5980857,3943659,94,127,3133,325,1389,0,88,0,919,7494797,2851,0,458,7,7,11,1562,21,13,1575,3,8,6,7
1200.27,1624967664481,50.010128819,1,0,0,13,24,1292,11,1460,4,0,0,0,2,71,6077161,0,26,5,140,6911,2149692,24465,1302,2,190913,138008,55923,56545,20548,11368,20572,11307,70,1086,1086,33,37164,17562,21431201,2231,72,422,259,4174601,4174501,108,124,71,85,160,6076789,3961748,93,123,2984,320,1165,0,85,0,913,7694773,2810,0,439,8,3,9,1536,19,17,1553,3,3,1,6
1250.28,1624967721173,50.012329194,1,0,0,17,34,1291,17,1480,8,0,0,0,16,86,5971699,0,32,5,164,24312,2075814,23346,1311,3,191121,138194,56748,57523,20762,11022,20814,11087,82,1128,1129,60,37550,17760,20931875,2261,73,423,262,4145863,4145773,114,130,72,84,162,5971511,3931898,94,124,3025,327,1200,11,84,2,938,7541866,2798,0,460,13,8,9,1543,20,16,1559,5,9,6,12
1300.29,1624967778311,50.012955298,1,0,0,18,31,1291,13,1496,6,0,0,0,28,79,6241222,0,26,5,148,17192,2287854,24770,1309,3,192261,139445,57405,57851,21467,11746,20722,10898,74,1076,1076,33,38467,18500,22327601,2211,75,422,264,4198593,4198495,110,126,72,84,160,6241037,3984520,93,123,2982,327,1186,0,86,0,900,7934656,2884,0,481,11,6,6,1531,19,15,1546,7,7,6,10
1350.3,1624967835317,50.010521299,1,0,0,17,36,1294,19,1505,6,0,0,0,4,87,6112697,0,26,5,172,17000,2151897,24898,1313,3,194626,140942,61618,62472,24045,13892,24127,13701,86,1090,1090,37,43733,20895,21589949,2231,76,423,265,4212470,4212369,112,129,76,90,168,6112553,3990550,94,127,3153,332,1408,0,89,0,915,7706240,2951,0,486,9,7,11,1563,22,16,1579,5,8,6,8
1400.31,1624967892735,50.009187614,1,0,0,15,28,1291,13,1496,4,0,0,0,2,107,6052174,0,29,5,148,16445,2100917,24417,1314,2,193974,140483,61596,62328,24029,14017,24080,13670,74,1086,1086,37,43721,20878,21237056,2223,77,421,265,4199321,4199216,108,125,76,89,168,6052001,3977810,94,127,3146,335,1408,0,89,0,911,7646716,2871,0,487,8,6,8,1573,21,13,1586,8,7,6,11
1450.32,1624967950029,50.009215440,1,0,0,15,23,1293,8,1485,3,0,0,0,6,66,5986435,0,26,5,128,14921,2060449,24703,1298,2,193320,140003,61888,62795,24155,14494,24236,14205,64,1082,1082,37,43908,20961,20952723,2215,82,423,264,4179211,4179110,106,123,80,95,172,5986251,3958248,94,131,3142,329,1407,0,93,0,911,7531282,2835,0,496,10,1,6,1552,22,18,1570,9,2,1,11
1500.33,1624968006844,50.009055949,1,0,0,22,48,1297,26,1501,7,0,0,0,0,64,6171477,0,32,5,200,5589,2224666,25714,1320,4,191436,138355,55999,56820,20529,11525,20596,11276,100,1087,1087,33,37165,17571,21928901,2233,72,424,259,4192800,4192704,118,134,71,86,160,6171244,3979852,93,123,2993,320,1161,0,85,0,910,7837717,2870,0,469,10,12,16,1543,19,17,1560,8,13,11,12
1550.34,1624968063334,50.013259864,1,0,0,14,25,1291,11,1500,4,0,0,0,8,79,6135871,0,37,5,140,17145,2220075,24595,1313,2,190147,137508,57561,58155,21038,11439,21088,11087,70,1121,1122,60,37992,17954,21839878,2247,81,420,261,4162888,4162777,108,124,80,94,170,6135665,3949100,94,132,3007,325,1185,11,92,2,945,7786970,2811,0,484,10,6,5,1539,18,14,1553,10,7,6,13
1600.35,1624968120333,50.010621890,1,0,0,17,33,1294,16,1481,5,0,0,0,6,89,5886868,0,27,5,160,23865,1934399,23307,1314,3,189849,137259,56005,56864,20550,11399,20659,11275,80,1077,1077,33,37137,17588,20230152,2213,72,418,260,4193369,4193273,112,129,71,83,160,5886672,3981238,93,123,2970,323,1166,0,84,0,911,7340914,2787,0,471,9,6,8,1543,18,13,1556,9,7,6,12
1650.36,1624968177318,50.010849273,1,0,0,22,37,1298,15,1504,5,0,0,0,6,99,6109098,0,28,5,156,16900,2175531,25166,1312,3,192761,139617,61944,62753,24135,14084,24189,13733,78,1083,1083,37,43980,20941,21669601,2217,82,418,265,4185904,4185799,112,128,80,93,172,6109027,3965240,94,131,3139,332,1405,0,93,0,907,7689104,2876,0,488,10,6,8,1572,21,17,1589,10,7,6,13
1700.37,1624968233792,50.010649213,1,0,0,18,34,1294,16,1512,5,0,0,0,20,74,6147823,0,27,5,162,9824,2207175,24540,1313,3,193839,140401,61975,62832,24199,13957,24249,13827,81,1088,1088,37,43894,20942,21832844,2227,82,425,265,4194609,4194504,114,130,80,93,172,6147586,3972946,94,131,3157,332,1409,0,93,0,912,7747522,2955,0,513,10,6,9,1565,21,14,1579,10,7,6,13
1750.38,1624968291023,50.011935397,1,0,0,22,46,1297,24,1523,8,0,0,0,6,79,5987755,0,28,5,192,20252,2079845,23930,1322,4,193539,140138,61495,62288,24051,13860,24130,13512,96,1088,1088,37,43712,20887,21032403,2227,78,421,264,4161255,4161147,118,134,76,90,168,5987473,3940147,94,127,3149,330,1401,0,90,0,910,7483256,2938,0,505,11,12,11,1571,22,16,1587,7,13,11,13
1800.39,1624968347991,50.009073051,1,0,0,17,36,1291,19,1490,8,0,0,0,10,85,6244788,0,32,5,172,22971,2342881,26389,1312,3,190754,138039,58105,58867,20950,11625,21027,11402,86,1132,1133,64,38271,17896,22554565,2260,74,422,261,4149012,4148910,114,130,74,87,166,6244577,3933864,95,126,3017,324,1195,11,89,2,948,7984497,2943,0,491,15,8,11,1542,20,16,1558,5,9,6,15
1850.4,1624968404694,50.011119291,1,0,0,13,28,1288,15,1476,6,0,0,0,8,69,6044349,0,44,5,156,13421,2098481,24299,1310,2,190939,138032,55992,56815,20549,11589,20614,11496,78,1088,1088,33,37187,17606,21178325,2234,73,423,259,4191732,4191643,108,122,71,84,160,6044236,3978994,93,123,3006,320,1160,0,84,0,909,7571125,2843,0,458,9,7,8,1540,19,13,1553,3,8,6,9
1900.41,1624968461253,50.011642091,1,0,0,15,29,1289,14,1478,6,0,0,0,6,73,6186832,0,37,5,152,13551,2288228,24808,1313,2,189849,137257,56006,56671,20536,11397,20590,11276,76,1079,1079,33,37173,17588,22193101,2217,72,419,260,4143659,4143565,108,124,71,83,160,6186486,3931769,93,123,2979,323,1162,0,83,0,913,7913893,2761,0,463,9,8,9,1531,19,14,1545,3,8,6,9
1950.42,1624968518015,50.009422656,1,0,0,17,36,1291,19,1505,8,0,0,0,2,64,6059066,0,37,5,172,10856,2148855,24244,1316,3,192986,139933,58573,58994,22644,13482,20962,11496,86,1080,1080,33,39692,19570,21410434,2219,77,426,265,4160649,4160556,114,130,76,87,164,6058834,3944026,93,127,3006,327,1185,0,89,0,906,7633879,2860,0,456,15,8,11,1541,20,16,1557,5,9,6,14
2000.43,1624968575121,50.008512329,1,0,0,15,37,1291,22,1508,8,0,0,0,12,41,6131418,0,32,5,184,15979,2216546,24725,1311,3,194910,141187,62099,62579,24177,14022,24200,13733,92,1095,1095,37,43911,20961,21855864,2241,81,424,265,4172974,4172864,114,130,80,93,172,6130996,3950195,94,131,3168,332,1413,0,93,0,919,7702205,2931,0,502,16,8,11,1565,23,16,1581,5,9,6,15
2050.44,1624968631908,50.011747619,1,0,0,15,29,1291,14,1498,4,0,0,0,6,105,5988543,0,42,5,152,21401,2076927,24041,1310,2,194844,141121,62201,63029,24208,14432,24267,14205,76,1134,1135,64,44052,21035,20982005,2265,79,424,266,4169084,4168974,108,124,77,92,170,5988240,3945856,95,128,3202,333,1435,11,92,2,942,7447762,2931,0,481,9,9,11,1565,22,16,1581,3,8,6,9
2100.45,1624968689159,50.009613401,1,0,0,13,28,1288,15,1508,6,0,0,0,6,83,6095514,0,42,5,156,20735,2199511,25275,1312,2,193468,140141,61661,62577,24026,14555,24104,14016,78,1085,1085,37,43731,20876,21705322,2221,78,421,265,4151865,4151769,108,124,76,90,168,6095332,3930688,94,127,3161,333,1415,0,90,0,918,7653128,2907,0,480,9,7,8,1567,22,13,1580,3,8,6,9
2150.46,1624968745611,50.011942036,1,0,0,18,38,1292,20,1484,8,0,0,0,0,92,5933983,0,26,5,176,12582,1982712,23247,1312,3,191257,138191,56594,58034,20605,11179,23269,13607,88,1081,1081,33,37850,17666,20485735,2220,74,422,259,4198740,4198650,114,130,72,85,163,5933959,3984603,93,124,2988,323,1182,0,85,0,910,7400336,2818,0,472,12,9,13,1564,23,17,1581,4,9,6,12
2200.47,1624968802561,50.014930881,1,0,0,17,36,1291,19,1486,8,0,0,0,2,65,6008806,0,42,5,172,17463,2089129,24217,1309,3,191262,138268,55990,56731,20548,11776,20595,11433,86,1084,1084,33,37174,17592,21067236,2227,71,424,259,4166093,4165993,114,130,71,83,160,6008541,3952834,93,123,2994,321,1161,0,83,0,909,7533915,2819,0,467,15,8,11,1546,20,16,1562,5,9,6,15
2250.48,1624968859288,50.008820779,1,0,0,15,36,1291,21,1509,8,0,0,0,0,65,6156032,0,43,5,180,17493,2218270,24832,1309,3,190748,137929,56903,57525,20763,11217,20770,11024,90,1082,1082,33,37676,17753,21870629,2223,80,422,259,4182180,4182078,114,130,79,91,168,6155691,3968946,93,131,2997,319,1171,0,91,0,900,7750877,2844,0,449,15,8,11,1542,20,16,1558,5,9,6,15
2300.49,1624968916497,50.010508124,1,0,0,15,28,1291,13,1506,4,0,0,0,20,72,6132636,0,38,5,148,16557,2190194,25246,1310,2,193588,140507,60175,60556,23425,13325,21239,11339,74,1090,1090,37,41513,20306,21752641,2231,77,423,265,4194388,4194292,108,124,75,87,165,6132430,3975594,94,126,3012,327,1184,0,89,0,915,7723193,2903,0,443,9,10,11,1537,19,16,1553,3,8,6,9
2350.51,1624968973156,50.016174255,1,0,0,20,42,1292,22,1542,9,0,0,0,20,97,6066320,0,39,5,184,20851,2160423,25832,1322,3,193475,140198,64110,64835,24632,14000,24677,13639,92,1130,1131,64,44875,21304,21532158,2257,87,421,267,4162143,4162037,112,128,85,101,181,6066166,3939345,97,137,3194,338,1441,11,102,2,944,7621641,2976,0,469,12,12,8,1573,23,17,1590,4,13,11,12
2400.52,1624969030579,50.011190632,1,0,0,19,37,1291,18,1496,8,0,0,0,8,73,6089468,0,25,5,168,27381,2194802,24747,1310,3,194393,140791,61582,61948,24037,14177,24069,13702,84,1090,1090,37,43710,20850,21715477,2231,77,422,265,4152276,4152154,114,131,76,90,168,6088871,3930066,94,127,3155,333,1412,0,89,0,920,7672310,2872,0,442,13,10,14,1558,22,16,1574,5,9,6,12
2450.53,1624969087898,50.012632162,1,0,0,16,31,1291,15,1490,5,0,0,0,10,96,6084415,0,29,5,156,13560,2216611,24410,1313,2,191920,138455,57810,59123,21302,11561,23638,13512,78,1083,1083,33,39434,18226,21727901,2225,78,423,259,4117927,4117828,108,124,76,90,167,6084304,3901258,93,128,3132,325,1380,0,89,0,909,7751436,2814,0,456,12,7,11,1567,22,16,1583,4,8,6,12
2500.54,1624969144499,50.010642264,1,0,0,15,31,1291,16,1494,5,0,0,0,10,86,5997689,0,26,5,160,21233,2097049,24865,1317,2,189862,137294,56493,57344,20658,10899,20742,10709,80,1075,1075,33,37381,17648,21091299,2209,76,423,259,4143016,4142922,108,125,75,88,164,5997580,3930645,93,127,2969,320,1165,0,88,0,910,7578356,2840,0,456,12,7,11,1546,19,16,1562,4,8,6,12
2550.55,1624969201418,50.013141605,1,0,0,14,25,2569,11,2879,3,0,0,0,16,86,6122572,0,28,10,140,21680,2214366,24988,2608,1,190655,137868,57870,58694,20669,11432,20731,10961,70,1080,1080,33,37423,17677,21775771,2219,77,421,259,4157541,4157443,102,119,75,88,164,6122420,3943156,93,127,2976,319,1169,0,87,0,903,7818507,2792,0,441,6,6,9,2818,23,19,2837,2,7,6,6
2600.56,1624969257993,50.010444068,1,0,0,14,29,1291,15,1492,5,0,0,0,0,59,5809710,0,32,5,156,18323,1876350,24150,1314,2,191631,138788,59350,59807,21507,11403,21072,11181,78,1131,1132,64,39210,18407,19868855,2259,76,420,266,4180813,4180718,108,124,75,88,166,5809548,3963580,95,126,3033,331,1209,11,88,2,945,7204069,2792,0,421,9,9,11,1539,19,16,1555,3,8,6,9
2650.57,1624969314067,50.010862313,1,0,0,17,36,1291,19,1488,8,0,0,0,20,66,5905417,0,37,5,172,22528,1981364,24006,1310,3,194022,140562,61648,62110,24010,14334,24039,14015,86,1089,1089,37,43706,20854,20500479,2229,78,422,265,4178606,4178501,114,131,76,89,168,5905333,3956814,94,127,3163,332,1405,0,90,0,914,7397170,2952,0,458,15,8,11,1559,23,16,1575,5,9,6,15
2700.58,1624969371071,50.010543903,1,0,0,12,19,1291,7,1489,3,0,0,0,6,99,6071272,0,28,5,124,8818,2134613,25395,1302,2,194726,141013,62054,62904,24157,13612,24220,13229,62,1096,1096,37,43921,20979,21413030,2243,82,423,265,4190594,4190494,106,122,80,95,172,6071077,3968210,94,131,3172,334,1414,0,94,0,915,7645414,2887,0,491,11,1,4,1569,22,16,1585,7,2,1,10
2750.59,1624969427474,50.009057599,1,0,0,15,32,1291,17,1512,5,0,0,0,6,100,5920662,0,26,5,164,21681,2005307,23463,1311,2,194217,140554,60690,61690,24009,13327,24140,13229,82,1087,1087,33,43190,20860,20605545,2233,80,427,265,4170501,4170399,110,126,78,94,168,5920474,3950151,93,129,3163,333,1410,0,91,0,911,7366242,2915,0,476,9,10,15,1554,21,13,1567,9,8,6,13
2800.6,1624969484484,50.009199527,1,0,0,13,28,2571,15,2886,4,0,0,0,4,86,5840830,0,26,10,156,7901,1941539,23169,2613,2,194183,140521,61553,62458,23830,14171,23924,13796,78,1088,1088,33,42941,20747,20178295,2235,76,422,265,4151977,4151880,108,124,74,87,163,5840691,3930703,93,125,3159,333,1406,0,86,0,907,7236165,2868,0,483,10,6,8,2862,26,18,2880,9,7,6,11
2850.61,1624969541463,50.010814612,1,0,0,16,33,1294,17,1471,5,0,0,0,8,85,6048124,0,33,5,164,20305,2132300,24506,1309,3,191313,138333,56624,57560,20761,11117,20836,10552,82,1129,1130,60,37569,17771,21336477,2263,74,423,261,4162980,4162887,112,128,72,85,162,6047921,3948941,94,124,3019,324,1190,11,85,2,938,7670653,2842,0,448,10,6,8,1532,18,13,1545,10,7,6,13
2900.62,1624969598363,50.012351825,1,0,0,17,34,1294,17,1493,5,0,0,0,0,70,6060136,0,40,5,164,17799,2136194,24535,1313,3,191559,138453,56711,58239,20806,11435,20939,11055,82,1091,1091,35,37912,17748,21336346,2237,79,423,259,4169553,4169450,112,128,77,91,166,6059856,3955624,94,129,3001,319,1164,0,89,0,911,7650975,2828,0,462,10,6,9,1541,18,14,1555,10,7,6,13
2950.63,1624969655870,50.013424044,1,0,0,17,35,1292,18,1515,7,0,0,0,0,76,6001856,0,33,5,168,17214,2094510,24502,1319,3,193183,140173,59087,59503,21954,11749,20957,11181,84,1091,1091,37,39503,18902,21086330,2233,76,422,264,4157906,4157810,112,128,74,87,164,6001579,3940803,94,125,3010,327,1188,0,88,0,915,7531244,2825,0,465,11,10,5,1546,20,17,1563,9,11,10,12
3000.64,1624969712596,50.008635260,1,0,0,17,33,1294,16,1533,5,0,0,0,12,94,6009784,0,35,5,160,10254,2123896,24869,1318,3,194613,140958,62086,62744,24169,14498,24171,14299,80,1086,1086,37,43928,20973,21221736,2223,81,427,265,4143311,4143206,110,126,80,94,172,6009583,3921140,94,131,3164,332,1418,0,94,0,913,7569309,2952,0,492,10,6,8,1578,22,16,1594,8,7,6,9
3050.65,1624969769128,50.010270016,1,0,0,20,37,1298,17,1493,5,0,0,0,0,70,6021628,0,35,5,164,10805,2119133,23887,1312,3,194597,140920,61610,62253,24052,14207,24058,14048,82,1087,1087,37,43687,20877,21237105,2225,76,424,265,4157964,4157862,112,128,76,89,168,6021297,3935892,94,127,3159,333,1410,0,89,0,915,7542920,2835,0,469,9,6,8,1557,22,20,1577,9,7,6,12
3100.66,1624969826212,50.013341395,1,0,0,19,38,1292,19,1508,7,0,0,0,2,79,5950702,0,35,5,172,11785,2050883,24928,1316,3,193908,140305,60189,61003,23876,14078,23936,13795,86,1083,1083,33,42984,20750,20819493,2225,76,423,265,4152934,4152837,114,130,74,87,164,5950492,3933198,93,125,3159,333,1403,0,87,0,910,7470487,2835,0,483,12,8,12,1571,23,17,1588,4,9,6,12
3150.67,1624969883471,50.013684798,1,0,0,16,36,1294,20,1479,6,0,0,0,18,81,6021174,0,42,5,176,19744,2087648,25019,1316,3,191293,138332,56680,57385,20734,11245,20771,10835,88,1125,1126,60,37596,17760,21092821,2255,72,424,261,4180329,4180229,114,129,72,85,162,6020877,3966681,94,124,3023,324,1189,12,84,2,947,7577747,2822,0,473,13,8,14,1542,20,19,1561,5,9,6,12
3200.68,1624969940289,50.013249189,1,0,0,17,33,1291,16,1484,7,0,0,0,20,72,6042161,0,33,5,160,15713,2106495,24044,1311,3,190566,137782,55956,56788,20544,10770,20604,10740,80,1080,1080,33,37173,17600,21170005,2219,73,421,259,4182425,4182330,112,127,71,85,160,6041999,3970303,93,123,2978,319,1160,0,85,0,912,7594248,2823,0,480,17,7,8,1553,20,16,1569,9,8,6,16
3250.69,1624969997303,50.010750114,1,0,0,11,28,2571,17,2875,4,0,0,0,14,100,6180338,0,27,10,164,21077,2261345,24801,2615,2,189991,137510,58797,59658,20741,10803,20802,10300,82,1081,1081,37,37987,17704,22114113,2213,74,419,259,4166986,4166893,108,125,73,88,164,6180315,3951929,94,125,2965,319,1170,0,87,0,911,7885582,2800,0,457,7,7,11,2834,24,21,2855,3,8,6,7
3300.7,1624970054426,50.011469426,1,0,0,19,38,1291,19,1502,8,0,0,0,12,93,6179542,0,26,5,172,25734,2254159,24756,1310,3,191474,138940,61419,61633,24025,13076,21495,10740,86,1076,1076,37,42751,20872,22109870,2203,81,421,265,4177154,4177054,114,130,79,91,169,6179392,3958467,94,130,3045,328,1294,0,93,0,908,7864101,2834,0,460,12,10,15,1542,20,16,1558,4,9,6,12
3350.71,1624970111433,50.008687978,1,0,0,15,36,1291,21,1504,8,0,0,0,8,103,5928640,0,26,5,180,25116,1982638,23902,1314,3,195007,141225,61762,62463,24097,13357,24130,13260,90,1095,1095,37,43752,20952,20536460,2241,76,424,265,4195603,4195467,114,131,76,92,168,5928256,3973008,94,127,3170,333,1421,0,89,0,919,7389104,2878,0,481,15,8,11,1579,23,16,1595,5,9,6,14
3400.72,1624970168717,50.010586490,1,0,0,17,36,1291,19,1515,8,0,0,0,12,112,5999852,0,36,5,172,17817,2068473,25025,1313,3,195075,141358,63267,63509,24467,13715,24463,13355,86,1136,1137,62,44131,21210,21030386,2273,85,424,267,4188016,4187911,114,130,84,97,178,5999418,3964024,94,134,3204,337,1433,11,99,2,942,7531475,2929,0,490,15,8,11,1566,23,16,1582,5,9,6,15
3450.73,1624970225580,50.012104909,1,0,0,16,28,1291,12,1479,4,0,0,0,28,104,6099629,0,27,5,144,16310,2184949,25330,1311,2,191572,138274,58252,59469,22095,12188,23758,13166,72,1080,1080,33,40813,19052,21628276,2219,74,421,259,4167246,4167153,108,125,73,88,164,6099554,3950805,93,125,3125,326,1385,0,86,0,902,7773757,2843,0,457,9,10,11,1561,22,16,1577,3,8,6,9
3500.74,1624970282355,50.011899465,1,0,0,20,42,1292,22,1495,9,0,0,0,20,87,6001125,0,28,5,184,12610,2080073,23952,1320,3,191160,138222,56072,56934,20617,11398,20695,11245,92,1085,1085,33,37200,17677,21009084,2229,73,423,259,4167239,4167144,112,128,71,85,160,6000807,3954605,93,123,2983,319,1163,0,83,0,907,7525275,2859,0,474,13,12,8,1550,20,17,1567,4,13,11,12
3550.75,1624970339832,50.011562060,1,0,0,19,35,1291,16,1485,7,0,0,0,18,93,5981526,0,26,5,160,22068,2032945,23521,1312,3,192167,138935,56472,57237,20716,11527,20761,11087,80,1089,1089,33,37416,17689,20771199,2237,75,429,259,4196086,4195985,112,128,75,88,164,5981217,3981961,93,127,2995,319,1166,0,87,0,907,7500787,2781,0,435,10,7,10,1539,19,15,1554,4,8,6,10
3600.76,1624970396556,50.010582752,1,0,0,15,36,1291,21,1487,8,0,0,0,12,65,6090744,0,28,5,180,10631,2161763,23655,1309,3,193971,140727,58769,59054,21601,11622,20841,10929,90,1092,1092,37,39104,18523,21514551,2235,75,425,264,4180588,4180485,114,132,74,87,164,6090414,3962995,94,125,3008,325,1185,0,88,0,914,7704118,2844,0,452,15,8,11,1551,20,16,1567,5,9,6,14
3650.77,1624970453764,50.009179117,1,0,0,17,36,1291,19,1496,8,0,0,0,2,83,5943924,0,32,5,172,17235,2074778,24135,1310,3,193030,139829,62431,63341,26378,16573,30518,20253,86,1125,1126,64,44243,23155,20946488,2247,78,419,268,4125240,4125132,114,130,77,93,170,5943722,3902831,95,128,3174,337,1429,11,92,2,941,7498552,2849,0,471,15,8,11,1568,23,16,1584,5,9,6,15
3700.78,1624970510793,50.010581729,1,0,0,14,28,1288,14,1496,6,0,0,0,2,71,5878739,0,36,5,152,5857,1972124,22991,1311,2,194529,140859,61607,62433,24008,13988,24071,13796,76,1095,1095,37,43709,20874,20368371,2241,78,422,265,4158909,4158810,108,124,76,90,168,5878590,3937045,94,127,3176,333,1406,0,89,0,921,7297782,2866,0,452,9,7,8,1561,22,13,1574,3,8,6,8
3750.79,1624970567720,50.010947911,1,0,0,15,29,1289,14,1487,6,0,0,0,0,82,5926409,0,26,5,152,21714,2014342,23369,1312,2,192709,139323,59055,60125,23369,13259,23798,13072,76,1082,1082,33,42164,20345,20601880,2223,75,421,260,4165281,4165181,108,124,73,86,164,5926212,3947040,93,125,3129,325,1380,0,86,0,904,7452878,2735,0,445,9,8,9,1553,22,14,1567,3,8,6,9
3800.8,1624970624862,50.013479000,1,0,0,18,36,1291,18,1487,8,0,0,0,10,67,6048942,0,29,5,168,12363,2111135,23246,1309,3,191753,138630,56493,57301,20697,11843,20745,11339,84,1092,1092,33,37341,17686,21236228,2243,77,428,259,4184148,4184052,114,130,75,88,164,6048741,3970270,93,127,3004,320,1166,0,88,0,917,7638907,2848,0,454,15,8,11,1538,20,16,1554,5,9,6,15
3850.81,1624970682069,50.009774854,1,0,0,15,36,1291,21,1479,8,0,0,0,2,62,5851065,0,26,5,180,16008,1906985,21848,1312,3,191685,138567,55965,56747,20538,11396,20610,10960,90,1089,1089,33,37139,17586,20054966,2237,71,423,259,4191336,4191242,114,130,71,84,160,5850831,3977985,93,123,2987,319,1162,0,83,0,905,7326082,2765,0,443,15,8,11,1540,20,16,1556,5,9,6,14
3901.12,1624970738704,50.312463596,1,0,0,15,28,1291,13,1488,4,0,0,0,2,82,6001218,0,26,5,148,23977,2066861,24096,1314,2,194730,141264,58932,59549,21995,12315,21018,11307,74,1096,1096,37,39537,18932,20988577,2243,76,425,264,4184964,4184868,108,125,75,88,165,6000884,3966437,94,125,3012,327,1184,0,87,0,924,7592159,2794,0,429,9,10,11,1542,20,16,1558,3,8,6,8
3951.13,1624970794482,50.012361315,1,0,0,12,28,1291,16,1495,4,0,0,0,7,84,5829540,0,36,5,160,11579,1900323,22646,1310,2,193256,140228,59261,59553,22396,12566,21012,10992,80,1090,1090,37,39886,19316,19972151,2231,75,422,265,4177586,4177483,108,124,74,87,164,5829246,3960019,94,125,3011,327,1183,0,88,0,910,7294891,2773,0,448,7,7,11,1537,19,16,1553,3,8,6,7
4001.14,1624970851064,50.009152300,1,0,0,17,34,1291,17,1495,7,0,0,0,4,71,6048705,0,26,5,164,7313,2126263,25444,1313,3,194609,140925,61533,62233,24014,13577,24086,13260,82,1095,1095,37,43649,20848,21318397,2241,77,423,265,4177629,4177529,112,128,76,91,167,6048533,3956078,94,127,3165,333,1410,0,90,0,917,7600883,2894,0,481,12,7,9,1564,22,16,1580,8,8,6,13
4051.15,1624970907963,50.010685373,1,0,0,16,36,1291,20,1492,8,0,0,0,0,75,6138880,0,40,5,176,23111,2201104,25112,1312,3,194397,140643,60192,61138,23844,13607,23922,13197,88,1085,1085,33,42961,20754,21826484,2229,75,424,265,4193123,4193029,114,130,74,88,164,6138729,3973002,93,125,3169,333,1403,0,87,0,914,7743940,2879,0,470,15,8,11,1576,23,16,1592,5,9,6,14
4101.16,1624970964384,50.010695801,1,0,0,18,33,1291,15,1508,7,0,0,0,0,74,6083048,0,47,5,156,19993,2180440,24405,1311,3,193282,139853,60107,60949,23893,13701,23924,13291,78,1077,1077,33,42940,20741,21614534,2213,76,421,264,4154672,4154573,112,128,74,86,164,6082908,3935666,93,125,3154,329,1399,0,87,0,902,7692687,2902,0,503,16,7,8,1563,23,16,1579,8,8,6,15
4151.17,1624971021573,50.013602350,1,0,0,17,34,1294,17,1473,6,0,0,0,2,99,6061183,0,74,5,164,25057,2141147,25093,1310,3,192612,138924,57309,58514,21058,11810,23436,13512,82,1088,1088,33,39025,18089,21411903,2235,74,424,259,4169383,4169279,112,128,72,85,163,6061138,3952744,93,124,3189,324,1379,0,84,0,902,7580273,2931,0,490,9,9,11,1550,22,16,1566,9,8,6,12
4201.18,1624971078408,50.010043035,1,0,0,24,42,1298,18,1481,8,0,0,0,8,87,6018379,0,83,5,168,24706,2108399,25257,1314,4,191832,138803,58216,58899,20936,11281,20965,11370,84,1135,1136,64,38303,17890,21190896,2267,75,424,261,4161022,4160921,116,131,74,89,166,6018001,3944962,95,126,3072,323,1186,11,88,2,948,7561620,2956,0,470,9,6,8,1548,18,17,1565,9,7,6,12
4251.19,1624971135175,50.013358774,1,0,0,19,44,1292,25,1498,9,0,0,0,8,93,6057774,0,75,5,196,19853,2123488,24617,1328,3,191965,138887,57549,58361,20714,11340,20749,11024,98,1093,1093,37,37907,17685,21309674,2237,75,424,259,4184246,4184145,114,130,73,86,164,6057562,3969103,94,125,3038,319,1167,0,86,0,915,7567279,2961,0,460,13,16,16,1552,20,17,1569,5,14,11,12
4301.2,1624971192594,50.011555502,1,0,0,15,32,1291,16,1494,5,0,0,0,4,92,6145751,0,75,5,158,12258,2216384,26517,1309,2,194781,141066,61795,62459,24029,13458,24048,13072,79,1092,1092,37,43669,20870,21894508,2235,77,424,265,4184429,4184332,110,125,76,91,168,6145582,3962566,94,127,3208,333,1408,0,92,0,916,7675315,3019,0,471,12,7,12,1568,21,14,1582,5,8,6,11
4351.21,1624971249668,50.010206536,1,0,0,15,36,1291,21,1497,8,0,0,0,18,70,6124905,0,78,5,180,24549,2191311,26422,1309,3,191884,139035,62219,62889,24179,13711,24196,13544,90,1080,1080,37,43861,20958,21784289,2211,81,422,265,4183238,4183118,114,130,80,95,172,6124578,3963538,94,131,3193,333,1415,0,94,0,907,7640571,3015,0,498,15,8,11,1562,23,16,1578,5,9,6,15
4401.22,1624971306578,50.010959607,1,0,0,12,23,2568,11,2885,3,0,0,0,4,79,5956138,0,73,10,140,14961,2064358,25078,2615,1,193139,139797,61713,61769,23896,13454,23924,12977,70,1080,1080,33,42873,20789,20900825,2219,75,421,265,4140833,4140731,102,118,74,86,164,5955516,3920449,93,125,3190,333,1407,0,87,0,916,7422122,2982,0,460,6,6,8,2848,26,18,2866,2,7,6,6
4451.23,1624971363608,50.010288362,1,0,0,15,35,1291,20,1485,6,0,0,0,6,94,6111073,0,83,5,176,26174,2181475,25387,1314,2,191910,138494,59727,60530,22969,12952,24052,13764,88,1127,1128,60,41970,19882,21667173,2259,79,423,260,4182901,4182795,110,126,78,92,170,6110677,3965196,94,130,3215,322,1404,11,90,2,936,7693067,2990,0,492,12,11,18,1568,22,16,1584,4,9,6,12
4501.24,1624971420494,50.009179333,1,0,0,16,31,1291,15,1476,5,0,0,0,18,65,6058535,0,74,5,156,27775,2165738,24329,1312,2,190065,137423,56006,56860,20530,10928,20571,10583,78,1077,1077,33,37126,17584,21470744,2215,72,422,259,4137829,4137735,108,124,71,83,160,6058385,3925975,93,123,3013,319,1158,0,83,0,906,7586143,2932,0,473,12,7,11,1541,19,16,1557,4,8,6,12
4551.25,1624971477515,50.013159762,1,0,0,15,31,1291,15,1482,5,0,0,0,0,100,6016249,0,76,5,154,16531,2077389,25205,1309,2,191603,138638,57937,58750,20866,11126,20936,10772,77,1091,1091,37,38128,17777,21044038,2233,78,423,259,4187271,4187170,110,126,77,92,168,6015909,3972117,94,129,3033,319,1171,0,91,0,913,7514704,2896,0,457,12,7,11,1538,19,16,1554,4,8,6,12
4601.26,1624971534154,50.009643680,1,0,0,13,29,1291,16,1489,4,0,0,0,10,66,6184514,0,74,5,160,18288,2303471,26453,1310,2,190554,137952,58685,58799,20921,11064,20860,10867,80,1087,1087,37,38301,17853,22276006,2225,78,425,264,4131961,4131846,108,124,77,91,168,6184037,3917069,95,130,3037,329,1177,0,92,0,919,7803860,2944,0,462,9,9,11,1535,20,16,1551,3,8,6,9
4651.27,1624971591083,50.013342033,1,0,0,12,23,1288,11,1496,3,0,0,0,4,87,5959916,0,75,5,140,17464,2076392,25215,1314,1,194897,141127,61621,62407,24090,13486,24141,13481,70,1095,1095,37,43693,20902,20915855,2241,78,425,265,4142073,4141972,102,118,76,90,168,5959701,3919744,94,127,3214,334,1407,0,90,0,918,7376867,2950,0,461,6,6,8,1568,21,13,1581,2,7,6,6
4701.28,1624971648305,50.010952853,1,0,0,14,31,1291,17,1493,5,0,0,0,10,101,6038430,0,82,5,164,14239,2108039,24824,1309,2,193680,140211,61355,61569,24176,14151,24212,14016,82,1130,1131,60,43477,20988,21245340,2265,80,423,267,4183110,4183012,108,124,79,91,170,6037925,3963091,94,130,3244,337,1433,11,91,2,941,7517716,3004,0,492,12,7,11,1559,22,16,1575,4,8,6,12
4751.29,1624971705177,50.008740371,1,0,0,16,31,1291,15,1487,5,0,0,0,2,57,6090667,0,75,5,156,7646,2167645,24790,1309,2,193468,139996,60120,60660,23834,13892,23837,13418,78,1080,1080,33,42933,20762,21572052,2219,75,423,264,4172114,4172014,108,124,74,86,164,6090327,3953322,93,125,3189,329,1398,0,86,0,906,7602164,2912,0,476,12,7,11,1566,22,16,1582,4,8,6,12
4801.3,1624971762845,50.009143307,1,0,0,15,31,1291,15,1474,5,0,0,0,6,77,6131750,0,74,5,152,13792,2215992,24628,1309,2,190086,137386,55684,56531,20501,10899,20552,10835,76,1075,1075,33,37163,17580,21800754,2209,73,421,258,4160265,4160175,108,124,71,83,160,6131569,3949159,93,123,3007,309,1155,0,83,0,904,7709670,2926,0,441,12,7,11,1538,19,16,1554,4,8,6,12
4851.31,1624971819604,50.009473424,1,0,0,10,23,1288,13,1492,3,0,0,0,8,94,6136781,0,74,5,148,16931,2231292,24802,1311,1,190239,137629,57775,58669,20899,10998,20971,10615,74,1078,1078,35,38047,17814,21884600,2211,78,424,259,4152771,4152664,102,118,77,94,167,6136737,3938725,94,129,3016,319,1164,0,91,0,905,7739757,2884,0,420,6,6,8,1549,18,13,1562,2,7,6,6
4901.32,1624971876259,50.011034331,1,0,0,13,23,1291,10,1458,3,0,0,0,0,37,6135404,0,74,5,136,6168,2199342,26039,1302,2,191212,138332,57375,57777,20689,10809,20701,10552,68,1088,1088,37,37871,17699,21753521,2227,73,422,259,4184459,4184357,106,122,73,87,164,6134749,3969788,94,125,3026,319,1166,0,87,0,920,7691942,2867,0,438,8,1,8,1540,18,13,1553,8,2,1,10
4951.33,1624971933614,50.010812655,1,0,0,16,33,1294,17,1489,5,0,0,0,16,66,6077084,0,25,5,164,7164,2158846,24819,1308,3,194065,140872,60558,60806,23767,13294,21252,10489,82,1095,1095,37,42333,20672,21505981,2241,77,425,266,4171894,4171802,112,128,75,88,165,6076977,3952323,94,126,3016,331,1204,0,89,0,919,7653767,2863,0,465,10,6,8,1544,18,13,1557,10,7,6,13
5001.34,1624971990933,50.011375057,1,0,0,17,38,1294,21,1511,6,0,0,0,0,101,6107946,0,30,5,180,8816,2195821,25062,1311,3,193725,140301,62334,63017,24242,13549,24265,13387,90,1130,1131,63,44074,21066,21716143,2259,77,422,267,4167317,4167222,114,129,77,91,170,6107759,3945275,95,128,3188,337,1432,11,91,2,949,7766882,2912,0,469,10,7,16,1568,21,14,1582,10,8,6,14
5051.35,1624972048140,50.010619717,1,0,0,19,36,1296,17,1494,5,0,0,0,12,47,6005262,0,27,5,164,18478,2038689,24998,1313,3,194106,140458,60151,61062,23858,14613,23934,14300,82,1085,1085,33,42942,20772,20905253,2229,76,423,265,4221020,4220921,110,126,74,88,164,6005108,4000422,93,125,3152,333,1401,0,86,0,911,7490729,2817,0,460,11,6,9,1567,22,17,1584,8,7,6,9
5101.36,1624972104963,50.014009026,1,0,0,13,28,1291,15,1494,4,0,0,0,0,61,6060816,0,26,5,156,9730,2109651,24457,1313,2,191137,137852,57584,58914,21274,11840,23557,13670,78,1077,1077,33,39989,18227,21251895,2213,75,420,258,4198354,4198260,108,124,73,87,164,6060760,3982632,93,125,3117,321,1377,0,85,0,901,7605493,2812,0,456,8,6,8,1569,21,13,1582,8,7,6,10
5151.37,1624972162302,50.010564522,1,0,0,18,34,1294,16,1473,5,0,0,0,10,67,6147794,0,26,5,160,8879,2229270,25545,1311,3,190313,137594,55805,56722,20543,11399,20632,10961,80,1079,1079,33,37152,17577,21888579,2217,73,421,259,4164842,4164752,112,128,71,85,160,6147706,3952712,93,123,2969,319,1163,0,84,0,908,7774588,2791,0,445,10,6,9,1535,18,14,1549,9,7,6,12
5201.38,1624972219621,50.010110261,1,0,0,16,33,1294,17,1479,5,0,0,0,6,79,6105016,0,27,5,164,15082,2186796,24660,1310,3,191590,138606,57338,57878,22762,13070,20714,10741,82,1092,1092,37,37922,19758,21653691,2235,74,423,259,4165332,4165223,112,128,73,86,164,6104473,3950280,94,125,2989,319,1176,0,86,0,914,7728615,2762,0,445,10,6,8,1543,18,13,1556,10,7,6,13
5251.4,1624972276325,50.017314215,1,0,0,15,34,1292,19,1516,5,0,0,0,12,64,6089224,0,34,5,172,23218,2147080,25641,1319,2,194116,140626,62825,63622,24367,13745,24477,13669,86,1136,1137,64,44341,21160,21523902,2269,83,423,268,4195372,4195266,110,126,81,95,174,6089018,3972751,95,132,3201,340,1437,11,96,2,952,7709082,2939,0,484,10,11,8,1564,21,13,1577,10,12,11,14
5301.41,1624972332749,50.009097231,1,0,0,16,29,1291,13,1497,5,0,0,0,2,55,6004830,0,28,5,148,4002,2106396,24554,1311,2,194846,141091,61999,62871,24146,14085,24194,13733,74,1097,1097,37,43930,20949,21148951,2245,82,423,265,4154813,4154709,110,126,80,93,172,6004615,3932066,94,131,3171,333,1407,0,93,0,913,7517387,2856,0,475,9,13,14,1564,22,16,1580,3,9,6,9
5351.42,1624972389672,50.010169736,1,0,0,19,42,1292,23,1518,9,0,0,0,4,48,6100951,0,28,5,190,10079,2156851,24282,1322,3,192729,139491,60748,61205,24031,14620,24037,14079,94,1076,1076,33,43199,20847,21557615,2211,79,419,265,4194445,4194336,108,124,78,90,168,6100616,3975193,93,129,3137,333,1402,0,93,0,906,7696442,2885,0,489,12,12,8,1573,23,17,1590,4,13,11,12
5401.43,1624972446573,50.013185332,1,0,0,18,38,1291,20,1494,8,0,0,0,0,77,6174733,0,26,5,176,13323,2269283,24204,1310,3,193935,140338,60622,61416,23981,14081,24069,13859,88,1079,1079,33,43170,20845,22160982,2217,80,425,264,4158452,4158345,114,130,78,90,168,6174450,3938183,93,129,3149,329,1411,0,90,0,909,7885658,2845,0,482,16,8,13,1563,22,15,1578,10,9,6,18
5451.44,1624972503743,50.013288769,1,0,0,16,29,1291,13,1482,6,0,0,0,26,78,6037956,0,28,5,148,21825,2097727,24127,1308,3,190193,137530,55948,56730,20534,11305,20585,11149,74,1077,1077,33,37177,17583,21150604,2213,72,420,258,4186752,4186665,110,125,71,84,160,6037782,3974511,93,123,2964,316,1156,0,84,0,905,7579814,2804,0,467,13,6,4,1541,19,16,1557,7,7,6,12
5501.45,1624972560414,50.010008401,1,0,0,16,37,1291,21,1471,8,0,0,0,6,62,6041080,0,35,5,180,16682,2105268,24516,1309,3,190827,137977,56750,57739,20759,11211,20802,10772,90,1129,1130,60,37564,17762,21216617,2263,74,422,261,4184173,4184083,114,130,72,89,162,6040973,3970115,94,124,3022,323,1184,11,84,2,943,7580558,2843,0,460,15,11,15,1534,20,16,1550,9,9,6,15
5551.46,1624972617137,50.010243116,1,0,0,12,28,2571,16,2876,4,0,0,0,10,67,6086803,0,26,10,160,26820,2158740,24683,2617,2,191932,138944,60782,61354,21200,11663,21181,11244,80,1094,1094,37,38697,18018,21531450,2238,82,423,260,4180928,4180819,108,124,81,95,175,6086515,3962693,96,134,2997,325,1177,0,96,0,916,7651999,2812,0,460,10,7,11,2855,24,21,2876,8,8,6,10
5601.47,1624972673925,50.010059630,1,0,0,17,34,1294,17,1507,5,0,0,0,16,100,5986270,0,26,5,164,21100,2074022,24191,1309,3,193862,140493,61141,61203,23933,13229,21356,10866,82,1091,1091,37,43162,20777,20961949,2233,76,423,266,4166585,4166476,112,128,75,90,165,5985907,3945533,94,126,3142,334,1393,0,88,0,916,7457447,2873,0,466,9,6,9,1575,18,14,1589,9,7,6,11
5651.48,1624972730945,50.008670085,1,0,0,18,34,1294,16,1507,5,0,0,0,4,71,6014482,0,28,5,160,13217,2097403,24474,1313,3,194474,140836,62475,63098,24305,14372,24315,14237,80,1089,1089,37,44068,21036,21136581,2229,85,426,265,4171498,4171375,112,128,84,98,176,6014055,3948847,94,135,3160,333,1409,0,97,0,912,7547389,2920,0,484,10,6,9,1569,21,14,1583,10,7,6,13
5701.49,1624972788319,50.010578667,1,0,0,16,37,1294,21,1489,6,0,0,0,14,64,6014319,0,26,5,180,7753,2106176,24735,1308,3,194373,140664,60106,60896,23871,14518,23935,14268,90,1086,1086,33,42933,20755,21145378,2231,76,425,265,4162442,4162345,114,130,74,87,164,6014136,3942764,93,125,3157,333,1408,0,87,0,910,7557246,2917,0,493,10,7,15,1557,21,13,1570,10,8,6,14
5751.5,1624972844960,50.010773786,1,0,0,16,33,1294,17,1498,5,0,0,0,4,81,6063339,0,26,5,164,7698,2141317,23561,1308,3,193730,140041,58570,59268,23297,14169,23626,14015,82,1084,1084,33,41982,20277,21395096,2227,74,423,259,4173347,4173251,112,128,72,81,160,6063273,3954927,91,123,3132,320,1389,0,84,0,907,7675478,2826,0,478,8,6,8,1555,20,15,1570,8,7,6,10
5801.51,1624972902172,50.011590449,1,0,0,16,30,1292,14,1488,4,0,0,0,6,71,6083677,0,33,5,152,14472,2173363,24424,1314,2,190668,137835,56532,57413,20817,11779,20885,11370,76,1124,1125,60,37542,17833,21526032,2253,74,421,261,4158204,4158107,108,124,72,87,162,6083534,3944617,94,124,3012,323,1186,11,85,2,939,7693921,2806,0,459,9,6,9,1547,18,14,1561,9,7,6,12
5851.52,1624972959359,50.009068309,1,0,0,16,33,1294,17,1471,5,0,0,0,10,75,6096137,0,26,5,164,21717,2175520,24586,1309,3,192111,138976,57310,58143,20694,11904,20771,11748,82,1094,1094,37,37963,17695,21583480,2238,75,424,259,4169436,4169334,112,128,73,86,164,6095977,3953977,94,125,2989,319,1162,0,87,0,917,7747064,2846,0,457,10,6,8,1534,18,13,1547,10,7,6,13
5901.53,1624973016476,50.010741945,1,0,0,18,39,1294,21,1489,6,0,0,0,6,84,6157544,0,27,5,180,17210,2248590,25595,1310,3,193709,140586,60325,60610,23474,13578,21282,10992,90,1091,1091,37,41078,20320,22040947,2233,80,427,266,4161203,4161105,114,130,78,87,168,6157341,3941997,94,129,3013,331,1193,0,91,0,913,7870776,2873,0,477,10,9,16,1541,18,14,1555,10,8,6,14
5951.54,1624973073029,50.013204616,1,0,0,17,36,1293,19,1517,5,0,0,0,4,83,6083272,0,26,5,172,25715,2165767,24408,1319,2,193616,140228,61624,62362,24043,14207,24115,14016,86,1088,1088,37,43699,20873,21586017,2226,78,422,266,4169221,4169125,110,126,76,89,168,6083032,3947916,94,127,3154,336,1415,0,89,0,915,7725091,2914,0,470,11,11,9,1565,21,14,1579,10,12,11,14
6001.55,1624973129774,50.011704791,1,0,0,13,28,1291,15,1494,4,0,0,0,9,86,6072507,0,26,5,156,16413,2146563,23802,1315,2,193211,139829,60080,60763,23868,13890,23954,13418,78,1081,1081,33,42958,20778,21432808,2219,76,421,265,4178749,4178647,108,123,74,87,164,6072179,3959750,93,125,3145,333,1406,0,87,0,902,7586890,2921,0,492,8,6,8,1566,21,13,1579,8,7,6,10
6051.56,1624973186776,50.013022269,1,0,0,17,33,1294,16,1497,5,0,0,0,6,79,6085699,0,32,5,160,17489,2173532,25252,1313,3,194269,140572,60696,61408,24012,13610,24064,13670,80,1126,1127,60,43337,20928,21577368,2256,76,423,266,4167087,4166991,112,128,75,88,166,6085429,3946570,94,126,3185,333,1428,11,87,2,943,7680760,3005,0,464,10,6,8,1567,21,13,1580,10,7,6,13
6101.58,1624973243736,50.022125779,1,0,0,16,33,1294,17,1473,5,0,0,0,6,73,6120908,0,26,5,164,10924,2218826,24407,1313,3,192311,138681,56885,58193,20914,11651,23413,13607,82,1083,1083,33,38822,17941,21805144,2224,73,423,258,4151300,4151206,112,128,72,86,163,6120651,3935311,93,124,3129,321,1376,0,85,0,905,7759700,2879,0,467,10,6,8,1569,21,13,1582,10,7,6,13
6151.59,1624973300302,50.008665712,1,0,0,17,33,1294,16,1475,5,0,0,0,10,74,6033686,0,29,5,160,22888,2130654,23533,1312,3,190939,138128,57230,57858,20688,11275,20695,11024,80,1088,1088,37,37905,17700,21294076,2226,74,421,259,4149958,4149860,112,128,73,86,164,6033277,3935342,94,125,2980,319,1163,0,86,0,916,7650815,2818,0,443,10,6,8,1541,18,13,1554,10,7,6,13
6201.6,1624973357451,50.010782217,1,0,0,14,28,1291,14,1488,4,0,0,0,2,76,6053288,0,28,5,152,21309,2131664,23383,1310,2,190631,137934,58280,59097,20951,11565,21007,11465,76,1088,1088,37,38382,17877,21318308,2227,83,423,260,4168472,4168370,108,124,81,94,172,6053096,3953185,94,133,2988,323,1171,0,94,0,912,7611152,2788,0,444,9,6,8,1541,17,12,1553,9,7,6,11
6251.61,1624973414522,50.010197337,1,0,0,15,30,2572,15,2875,4,0,0,0,22,72,6120995,0,27,10,156,25511,2170294,24138,2616,2,191912,138869,58783,59206,20722,11054,20735,10929,78,1096,1096,37,37938,17683,21611740,2243,73,424,260,4202162,4202067,108,125,73,87,164,6120667,3985457,94,125,2999,323,1167,0,87,0,914,7702375,2855,0,465,9,6,9,2848,23,19,2867,9,7,6,11
6301.62,1624973471985,50.012800660,1,0,0,17,33,1294,16,1514,5,0,0,0,10,88,6072475,0,34,5,160,16299,2152164,25780,1309,3,195409,141500,64414,64790,24535,13331,24539,13418,80,1137,1138,64,44609,21272,21480777,2271,80,425,275,4178007,4177892,112,128,79,92,173,6071809,3952502,95,129,3228,343,1469,11,92,2,952,7666812,2949,0,519,10,6,8,1589,27,13,1602,10,7,6,13
6351.63,1624973528857,50.010204506,1,0,0,17,37,1294,20,1501,6,0,0,0,4,64,5898030,0,28,5,176,19715,1984709,23619,1311,3,194246,140540,60418,61029,23979,14053,23983,13607,88,1084,1084,33,43166,20858,20491378,2227,79,423,264,4163392,4163294,114,130,78,92,168,5897908,3942838,93,129,3151,329,1399,0,91,0,905,7387009,2943,0,478,10,10,15,1568,21,13,1581,10,8,6,14
6401.64,1624973585523,50.011794848,1,0,0,14,24,1292,10,1479,3,0,0,0,6,78,5947300,0,29,5,136,8392,1991578,23322,1302,2,194763,140926,60371,61138,23979,14081,24039,13859,68,1087,1087,33,43170,20848,20566405,2233,80,424,264,4210628,4210530,106,122,78,90,168,5947133,3989898,93,129,3156,329,1402,0,90,0,901,7390375,2875,0,468,9,1,8,1555,21,13,1568,9,2,1,11
6451.65,1624973642333,50.011910749,1,0,0,16,29,1291,13,1493,4,0,0,0,16,62,6105615,0,26,5,148,16711,2167452,24767,1312,2,193521,139904,59267,60383,23290,13295,23966,13418,74,1082,1082,33,42202,20170,21614368,2223,79,427,260,4190374,4190275,108,124,77,90,168,6105451,3971689,93,129,3135,324,1385,0,90,0,911,7696592,2851,0,476,7,10,13,1565,21,15,1580,3,8,6,6
6501.66,1624973699525,50.010559176,1,0,0,19,42,1292,23,1495,9,0,0,0,14,71,5984400,0,27,5,188,13990,2092952,23271,1325,3,190426,137794,57343,58095,20716,11150,20767,10866,94,1082,1082,37,37922,17697,21017707,2215,75,420,259,4139445,4139352,112,128,73,86,164,5984307,3925644,94,125,2967,319,1165,0,87,0,911,7599631,2774,0,454,12,12,8,1549,20,17,1566,4,13,11,12
6551.67,1624973756047,50.013282640,1,0,0,17,30,1291,13,1469,7,0,0,0,29,50,5999672,0,26,5,148,9730,2037939,24071,1307,3,191479,138571,57469,58290,20724,11653,20772,11119,74,1091,1091,37,37921,17688,20843655,2233,75,423,260,4210733,4210634,112,128,73,87,164,5999389,3995611,94,125,2988,323,1166,0,87,0,920,7488770,2828,0,469,11,9,7,1533,19,16,1549,5,8,6,10
6601.68,1624973812721,50.009126400,1,0,0,13,23,1291,10,1454,3,0,0,0,8,66,6089583,0,28,5,136,15013,2168269,25414,1305,2,191170,138312,57342,58203,20705,11337,20780,11024,68,1090,1090,37,37948,17715,21525876,2231,74,421,259,4171643,4171546,106,122,73,87,164,6089392,3956745,94,125,2983,321,1162,0,86,0,916,7700377,2776,0,445,10,1,8,1553,18,13,1566,10,2,1,12
6651.69,1624973869537,50.010622174,1,0,0,16,34,1292,18,1509,5,0,0,0,26,80,6012940,0,26,5,170,18219,2050663,24339,1320,2,194496,140825,59583,59669,23749,13480,21220,11056,85,1086,1086,33,42096,20692,20950994,2231,73,425,265,4217255,4217162,112,127,73,85,161,6012703,3997602,93,124,3142,330,1383,0,86,0,905,7525516,2896,0,482,10,11,8,1551,18,13,1564,10,12,11,14
6701.7,1624973926686,50.009211977,1,0,0,13,28,2571,15,2904,4,0,0,0,12,75,6058999,0,27,10,156,22628,2159548,24768,2612,2,194182,140529,61923,62775,23995,13451,24075,13324,78,1083,1083,33,43196,20866,21479293,2225,80,427,264,4156459,4156365,108,124,78,90,168,6058854,3935063,93,129,3152,329,1401,0,90,0,910,7633916,2881,0,501,8,6,8,2864,26,18,2882,8,7,6,10
6751.71,1624973983935,50.010250291,1,0,0,17,33,1294,16,1500,5,0,0,0,0,68,5918108,0,27,5,162,11007,1987660,24570,1308,3,193407,139937,60035,60672,23845,14015,23847,13513,81,1079,1079,33,42951,20735,20504214,2217,75,421,264,4182663,4182561,114,130,74,86,164,5917700,3963476,93,125,3140,329,1399,0,87,0,903,7378068,2811,0,489,11,6,8,1560,21,13,1573,10,7,6,13
6801.73,1624974040573,50.015964060,1,0,0,17,33,1294,16,1479,5,0,0,0,0,62,6004578,0,27,5,160,15116,2068645,24233,1312,3,192451,138941,59450,60676,22037,12413,23878,13670,80,1091,1091,37,41344,18910,21005414,2233,77,423,259,4187547,4187442,112,128,75,91,168,6004490,3968734,94,127,3138,324,1387,0,90,0,915,7530710,2813,0,480,10,6,8,1563,21,13,1576,10,7,6,13
6851.74,1624974097458,50.011599029,1,0,0,19,34,1292,15,1475,6,0,0,0,5,73,6090740,0,33,5,156,20213,2148506,24324,1313,3,190690,138024,58251,58971,20889,11215,20941,11056,78,1133,1134,64,38325,17866,21420946,2263,75,421,262,4186842,4186739,110,125,74,87,166,6090341,3971420,95,126,3023,327,1201,11,88,2,947,7656017,2791,0,484,10,6,8,1548,18,13,1561,10,7,6,13
6901.75,1624974154464,50.013416728,1,0,0,18,33,1294,15,1482,5,0,0,0,4,83,5959334,0,27,5,158,12882,2019036,24191,1316,3,191188,138363,57962,58752,20825,11310,20879,11181,79,1091,1091,37,38134,17759,20673739,2233,78,421,260,4188050,4187932,114,130,77,91,168,5959057,3973049,94,129,2988,323,1174,0,90,0,918,7448066,2755,0,468,8,6,8,1540,18,13,1553,8,7,6,10
6951.76,1624974210432,50.012947735,1,0,0,16,30,1292,14,1489,4,0,0,0,0,46,6132314,0,25,5,152,10469,2205082,24855,1309,2,191806,138647,55991,56443,20542,11052,20549,10960,76,1089,1089,33,37129,17587,21771556,2237,72,427,259,4174111,4174010,108,124,71,83,160,6131949,3960156,93,123,2988,320,1161,0,83,0,914,7818793,2715,0,445,9,6,9,1544,18,14,1558,9,7,6,12
7001.77,1624974266903,50.013114618,1,0,0,18,33,1294,15,1491,5,0,0,0,2,61,6081091,0,25,5,156,15263,2128722,24230,1312,3,189734,137202,56935,57301,20879,11619,20679,11244,78,1072,1072,33,37798,17879,21381057,2203,72,418,263,4197930,4197839,112,126,72,84,160,6080806,3985156,93,123,2972,324,1180,0,85,0,903,7677827,2795,0,470,10,6,8,1539,18,13,1552,10,7,6,13
7051.78,1624974323707,50.010164774,1,0,0,17,34,1294,17,1490,5,0,0,0,2,84,5999757,0,26,5,164,16079,2077206,23829,1310,3,192795,139517,60113,60747,25888,16093,23865,13859,82,1076,1076,33,43005,22786,21032677,2211,74,419,264,4176092,4175993,114,130,74,87,164,5999446,3957184,93,125,3136,329,1411,0,86,0,904,7536710,2819,0,492,10,6,8,1556,21,13,1569,10,7,6,13
7101.79,1624974380795,50.010488097,1,0,0,17,34,1292,17,1528,5,0,0,0,22,85,5902832,0,38,5,164,17209,1994402,24441,1321,2,194874,141176,62757,63593,24388,13932,24434,13890,82,1135,1136,64,44336,21135,20512062,2267,82,424,267,4166563,4166460,110,126,81,96,174,5902622,3943153,95,132,3200,336,1433,11,95,2,949,7346265,2921,0,494,10,11,8,1563,21,13,1576,10,12,11,14
7151.8,1624974437423,50.011042150,1,0,0,18,33,1294,15,1487,5,0,0,0,14,104,6142594,0,34,5,158,17651,2249801,25041,1309,3,193603,140224,61655,62598,24041,14397,24154,14110,79,1091,1091,37,43765,20877,22011069,2233,78,422,266,4147170,4147073,114,130,76,91,168,6142483,3925662,94,127,3165,336,1409,0,89,0,920,7793398,2877,0,493,9,6,8,1566,21,13,1579,9,7,6,12
7201.81,1624974494270,50.009707530,1,0,0,21,37,1298,16,1490,5,0,0,0,6,109,6037753,0,26,5,160,16968,2078065,24172,1311,3,192240,138762,58490,59836,20915,11371,23506,13575,80,1093,1093,37,39280,17849,21057561,2237,75,422,260,4210082,4209990,112,129,74,89,167,6037638,3992166,94,126,3145,328,1385,0,88,0,920,7542820,2809,0,491,9,6,8,1560,21,17,1577,9,7,6,11
7251.82,1624974551198,50.013297733,1,0,0,18,33,1294,15,1492,5,0,0,0,8,54,6119544,0,28,5,156,14667,2192690,24105,1313,3,191785,138656,56841,57740,20824,11185,20908,10898,78,1087,1087,33,37614,17775,21690593,2233,81,427,259,4176130,4176025,112,128,79,93,168,6119318,3961819,93,131,2993,320,1165,0,91,0,916,7704078,2829,0,472,10,6,8,1550,18,13,1563,10,7,6,13
7301.83,1624974608538,50.013801672,1,0,0,24,49,1297,25,1514,8,0,0,0,12,65,6188804,0,28,5,196,16747,2276524,24086,1325,4,189708,137162,56293,57065,20658,11684,20706,11245,98,1076,1076,33,37405,17680,22145700,2211,76,420,258,4158931,4158829,118,134,75,87,164,6188556,3946660,93,127,2963,316,1158,0,87,0,903,7895025,2799,0,489,11,14,16,1551,19,17,1568,9,13,11,13
7351.84,1624974665931,50.013358047,1,0,0,13,25,1291,12,1507,4,0,0,0,32,52,6039944,0,28,5,144,4126,2091345,24418,1311,2,194332,140716,59834,60038,23890,14364,21351,11276,72,1085,1085,33,42304,20779,21147016,2229,78,425,264,4201724,4201623,108,124,77,89,165,6039803,3982347,93,128,3137,326,1377,0,90,0,902,7582049,2880,0,478,10,6,5,1539,19,14,1553,10,7,6,13
7401.85,1624974722954,50.011884417,1,0,0,15,28,2571,13,2877,4,0,0,0,0,78,5914436,0,26,10,148,15632,2017807,23843,2616,2,193080,139720,61508,62242,23878,14108,23939,13575,74,1079,1079,33,43003,20775,20656943,2217,76,420,265,4146367,4146264,108,123,74,86,164,5914160,3925810,93,125,3138,332,1400,0,87,0,900,7404202,2790,0,444,9,6,8,2866,26,18,2884,9,7,6,12
7451.86,1624974779932,50.009076757,1,0,0,17,33,1294,16,1486,5,0,0,0,4,74,6069595,0,26,5,160,16723,2153020,24658,1313,3,193897,140418,61649,62609,24036,13672,24158,13732,80,1090,1090,37,43712,20872,21499447,2231,78,422,266,4172387,4172290,112,129,76,91,168,6069433,3950865,94,127,3157,336,1407,0,89,0,919,7619214,2768,0,453,10,6,8,1561,21,13,1574,10,7,6,13
7501.87,1624974837147,50.013454570,1,0,0,19,37,1294,18,1495,6,0,0,0,32,77,6250706,0,29,5,168,12932,2309856,24698,1314,3,192618,139362,59032,60361,21108,11063,23753,13135,84,1097,1097,37,39075,17962,22445655,2245,84,429,260,4191322,4191218,114,132,82,96,175,6250589,3974256,94,134,3021,326,1193,0,95,0,918,7964137,2915,0,491,10,10,15,1570,21,13,1583,10,8,6,14
7551.88,1624974894039,50.013393713,1,0,0,15,29,1292,14,1485,4,0,0,0,2,52,6151185,0,27,5,152,10059,2246517,24635,1314,2,191933,138844,57422,58259,20691,11463,20773,11118,76,1094,1094,37,37924,17702,21981894,2239,74,423,260,4149611,4149513,108,125,73,87,164,6150979,3934371,94,125,2994,324,1166,0,86,0,919,7818198,2832,0,451,11,6,8,1543,18,13,1556,10,7,6,13
7601.89,1624974951233,50.010832859,1,0,0,18,34,1295,16,1474,5,0,0,0,6,83,6155702,0,27,5,160,25099,2258574,24075,1312,3,190338,137603,55751,56569,20505,11176,20573,11023,80,1078,1078,33,37186,17577,22010507,2215,72,421,258,4144225,4144133,112,126,71,83,160,6155552,3931981,93,123,2966,316,1161,0,83,0,909,7869354,2754,0,449,8,6,8,1548,19,16,1564,8,7,6,11
7651.9,1624975008306,50.012587894,1,0,0,15,28,1291,13,1499,4,0,0,0,14,93,6209339,0,33,5,150,22361,2284834,24346,1312,2,191456,138857,58423,58498,22430,12536,20954,11181,75,1117,1118,60,39564,19406,22259112,2239,74,421,266,4173232,4173123,110,126,73,86,162,6208848,3958321,94,124,3013,328,1204,11,86,2,933,7848361,2828,0,474,10,6,8,1536,18,13,1549,10,7,6,13
7701.91,1624975065867,50.010138313,1,0,0,18,34,1294,16,1503,5,0,0,0,4,71,6166051,0,27,5,160,13477,2268083,25967,1310,3,193922,140301,59963,60611,23876,13762,23872,13576,80,1082,1082,33,42948,20760,22114142,2223,75,423,264,4152530,4152430,112,128,74,86,164,6165748,3932997,93,125,3146,329,1398,0,86,0,911,7851330,2781,0,477,10,6,9,1567,21,14,1581,10,7,6,13
7751.92,1624975122831,50.011589943,1,0,0,19,37,1294,18,1496,6,0,0,0,22,76,6006281,0,27,5,168,17397,2089286,24617,1310,3,193471,140035,60537,61329,23966,13486,23989,13229,84,1079,1079,33,43170,20829,21132204,2217,80,425,265,4163430,4163330,114,130,78,91,168,6005993,3944165,93,129,3146,332,1405,0,91,0,907,7625297,2922,0,506,10,10,15,1564,21,13,1577,10,8,6,14
7801.93,1624975179598,50.010554834,1,0,0,16,29,1292,13,1503,4,0,0,0,14,71,6192181,0,28,5,148,14518,2259588,24836,1309,2,194186,140651,62047,62872,24198,13519,24248,13387,74,1088,1088,37,43915,20959,22157750,2227,82,422,266,4187754,4187651,108,124,80,93,172,6191998,3965702,94,131,3153,336,1407,0,93,0,917,7839293,2903,0,497,9,6,8,1575,21,13,1588,9,7,6,12
7851.94,1624975236784,50.009289931,1,0,0,16,30,1292,14,1486,4,0,0,0,6,49,6062494,0,27,5,152,14229,2134206,24203,1311,2,192062,138976,57501,58306,20742,11590,20789,11182,76,1096,1096,37,37934,17705,21335383,2243,74,424,260,4177566,4177470,108,124,73,86,164,6062295,3961746,94,125,2998,323,1176,0,86,0,922,7600969,2829,0,463,8,6,9,1538,18,14,1552,8,7,6,10
7901.95,1624975293470,50.009086249,1,0,0,19,34,1294,15,1482,5,0,0,0,16,62,6231144,0,33,5,156,15328,2326440,24921,1316,3,191550,138558,56160,56962,20585,11526,20614,11402,78,1135,1136,64,37489,17646,22452109,2267,71,424,262,4152927,4152834,112,128,70,83,156,6231005,3938372,91,121,3024,326,1188,11,82,2,963,7987463,2852,0,471,10,6,9,1546,18,14,1560,10,7,6,13
7951.96,1624975350334,50.010598409,1,0,0,17,33,1294,16,1476,5,0,0,0,10,59,6048455,0,26,5,160,22586,2152000,25050,1313,3,191243,138239,55808,56655,20534,11305,20614,10993,80,1081,1081,33,37210,17603,21403586,2220,72,422,258,4142273,4142178,112,128,71,85,160,6048188,3929258,93,123,2972,316,1160,0,83,0,913,7651941,2817,0,474,10,6,8,1547,18,13,1560,10,7,6,13
8001.97,1624975407470,50.013354807,1,0,0,20,39,1294,19,1496,6,0,0,0,8,45,6156285,0,26,5,172,10030,2228254,24810,1313,3,193714,140164,59990,60755,23852,14173,23907,13765,86,1082,1082,33,43018,20767,21955211,2223,76,422,264,4180123,4180023,114,130,74,87,164,6156082,3960849,93,125,3145,329,1398,0,86,0,905,7769756,2854,0,483,10,9,16,1566,21,14,1580,10,8,6,14
8051.98,1624975464945,50.010497665,1,0,0,18,33,1294,15,1489,5,0,0,0,0,57,6191465,0,26,5,158,20494,2254248,24944,1314,3,193733,140161,59984,60725,23817,14141,23866,13765,79,1083,1083,33,42978,20770,22144831,2225,75,422,264,4186771,4186651,114,130,74,86,164,6191245,3967217,93,125,3146,329,1398,0,86,0,909,7903143,2823,0,476,9,6,8,1570,21,13,1583,8,7,6,12
8101.99,1624975522178,50.012457239,1,0,0,13,28,1288,15,1507,6,0,0,0,8,76,6155680,0,28,5,156,15569,2249939,25509,1314,2,193142,139808,60685,61134,24018,13739,24034,13418,78,1083,1083,33,43223,20852,21997309,2225,79,421,266,4158473,4158368,108,124,78,91,168,6155101,3939416,93,129,3152,336,1411,0,92,0,907,7804478,2847,0,493,9,7,8,1563,22,13,1576,3,8,6,9
8152,1624975579099,50.010779926,1,0,0,17,34,1291,17,1502,8,0,0,0,0,93,6024090,0,32,5,164,18638,2092442,24162,1314,3,192055,138953,58221,59000,20948,11153,20989,10804,82,1137,1138,64,38333,17872,21113973,2271,76,423,262,4181918,4181809,114,130,74,87,166,6024029,3965514,95,126,3030,327,1191,11,87,2,951,7600715,2842,0,451,12,8,9,1546,20,16,1562,4,9,6,12
8202.01,1624975635704,50.009004742,1,0,0,17,36,1291,19,1483,8,0,0,0,0,59,5999800,0,28,5,172,22544,2040535,24138,1308,3,191813,138700,55483,56249,20330,10987,20371,10866,86,1095,1095,37,37083,17451,20869666,2241,71,423,260,4204077,4203968,114,131,69,82,155,5999554,3990093,90,120,2995,322,1165,0,82,0,917,7533708,2784,0,451,13,8,11,1533,20,16,1549,5,9,6,13
8252.02,1624975692603,50.011880112,1,0,0,15,36,1291,21,1473,8,0,0,0,6,66,6066478,0,28,5,180,26154,2134999,23917,1309,3,191711,138693,57267,57873,20729,11337,20734,10865,90,1088,1088,37,37864,17712,21367952,2226,74,424,258,4178996,4178882,114,130,73,86,164,6065923,3963885,94,125,2978,316,1164,0,86,0,910,7674088,2798,0,480,15,8,11,1526,20,16,1542,5,9,6,15
8302.03,1624975749859,50.010657251,1,0,0,13,28,1288,15,1499,6,0,0,0,4,52,6060125,0,28,5,158,8489,2143418,24813,1309,2,193541,140103,60932,61190,24119,13584,24125,13323,79,1079,1079,33,43346,20951,21422432,2217,83,425,264,4170358,4170251,110,126,82,93,172,6059920,3950531,93,133,3143,329,1399,0,96,0,906,7605333,2834,0,470,9,7,8,1555,22,13,1568,3,8,6,9
8352.04,1624975807009,50.013227734,1,0,0,15,31,1290,16,1493,6,0,0,0,1,70,6046267,0,26,5,162,11265,2117633,25849,1311,2,194177,140491,60043,60774,23837,14141,23897,13638,81,1082,1082,33,42946,20758,21285082,2223,75,424,264,4183312,4183213,110,126,74,88,164,6045991,3963402,93,125,3145,329,1400,0,87,0,912,7634028,2878,0,466,9,8,10,1558,22,15,1573,3,8,6,9
8402.06,1624975864090,50.016926790,1,0,0,17,36,1291,19,1489,8,0,0,0,6,64,6015114,0,27,5,172,26149,2102631,24133,1311,3,193704,140166,60083,60956,23859,14236,23896,13796,86,1082,1082,33,43011,20734,21175658,2223,76,422,264,4167418,4167328,114,130,75,86,164,6014875,3947949,93,125,3147,329,1404,0,87,0,904,7575865,2832,0,491,15,8,11,1563,23,16,1579,5,9,6,15
8452.07,1624975921008,50.009132754,1,0,0,16,31,1291,15,1475,5,0,0,0,12,75,6077655,0,32,5,156,11941,2149817,25165,1313,2,192246,139086,58251,59290,20977,11090,21042,10803,78,1139,1141,64,38340,17893,21434900,2275,76,425,262,4178035,4177930,108,124,74,90,166,6077396,3961400,95,126,3037,327,1193,11,88,2,959,7622432,2915,0,482,12,7,11,1540,19,16,1556,4,8,6,12
8502.08,1624975977960,50.013484833,1,0,0,14,28,1291,14,1474,4,0,0,0,16,83,6047251,0,27,5,152,15596,2122851,23749,1313,2,191993,138857,55633,56504,22411,14105,26566,17828,76,1098,1098,37,37208,19507,21277478,2247,71,424,261,4174015,4173927,108,124,69,82,155,6047097,3958858,90,120,3001,322,1165,0,82,0,923,7641267,2834,0,453,9,10,11,1546,19,16,1562,3,8,6,9
8552.09,1624976034751,50.010622565,1,0,0,14,25,1289,11,1483,3,0,0,0,4,58,6210816,0,26,5,140,10442,2272547,24629,1313,1,192023,138928,57960,58828,20868,11688,20929,11558,70,1093,1093,37,38152,17798,22189578,2237,79,427,260,4188702,4188601,102,118,77,92,168,6210699,3972162,94,129,2999,323,1172,0,91,0,922,7849406,2801,0,442,6,6,9,1555,18,14,1569,2,7,6,6
8602.1,1624976091668,50.010577991,1,0,0,15,31,1291,16,1496,5,0,0,0,4,74,6053305,0,26,5,160,16637,2107262,23069,1309,2,192238,139371,57289,57746,21478,11775,20744,11118,80,1078,1078,33,38381,18489,21206198,2215,74,421,263,4194057,4193966,108,123,72,83,160,6053200,3979456,93,123,2982,324,1178,0,84,0,905,7620795,2729,0,446,12,7,11,1540,19,16,1556,4,8,6,12
8652.11,1624976148737,50.008717798,1,0,0,16,31,1291,15,1498,5,0,0,0,6,87,6241771,0,26,5,156,11861,2320361,25753,1310,2,193640,140050,59093,59337,23730,13572,23593,13355,78,1080,1080,33,42716,20656,22447663,2219,74,423,264,4174672,4174573,108,124,73,82,159,6241400,3956141,91,122,3141,328,1398,0,86,0,910,7940751,2900,0,474,12,7,11,1564,22,16,1580,4,8,6,12
8702.12,1624976205668,50.011829095,1,0,0,16,31,1291,15,1505,5,0,0,0,2,73,5993591,0,32,5,156,11549,2053763,24167,1309,2,193280,139898,62457,63287,24492,14656,24540,13985,78,1118,1120,60,44079,21200,20949414,2241,85,421,266,4194501,4194389,108,124,83,96,177,5993265,3973363,96,135,3172,335,1427,11,97,2,936,7502890,2821,0,466,12,7,11,1565,22,16,1581,4,8,6,12
8752.14,1624976262765,50.016957804,1,0,0,14,28,1291,14,1494,4,0,0,0,8,66,6039039,0,28,5,152,9662,2097452,24332,1310,2,193860,140299,60227,61141,23854,13416,23910,13229,76,1083,1083,33,43006,20747,21210924,2223,76,422,266,4194478,4194390,108,123,75,86,164,6038819,3974892,93,125,3152,336,1409,0,86,0,911,7563932,2809,0,465,9,10,11,1564,22,16,1580,3,8,6,8
8802.15,1624976319616,50.010653123,1,0,0,20,37,1295,17,1476,7,0,0,0,10,78,6277354,0,26,5,164,16553,2362117,25585,1310,3,191671,138681,57984,58787,20874,11940,20958,11527,82,1092,1092,37,38130,17796,22700107,2235,79,427,260,4162084,4161981,112,128,77,90,168,6277174,3946524,94,129,2995,323,1173,0,91,0,917,8055215,2769,0,459,10,7,8,1541,20,20,1561,4,8,6,9
8852.16,1624976376255,50.010944111,1,0,0,20,33,1293,13,1476,6,0,0,0,20,102,6124648,0,26,5,148,23135,2208441,24149,1312,3,190138,137608,57476,58382,20720,11683,20796,11527,74,1086,1086,37,37924,17701,21780168,2223,74,419,260,4160767,4160663,110,126,73,87,164,6124331,3946859,94,125,2977,323,1166,0,87,0,911,7763149,2828,0,484,9,6,6,1549,19,18,1567,4,7,6,8
8902.18,1624976433163,50.017136299,1,0,0,14,24,1291,10,1469,3,0,0,0,20,95,6136654,0,26,5,136,24416,2207897,24661,1304,2,191143,138312,57271,58056,20682,11148,20743,10865,68,1085,1085,37,37900,17693,21799779,2221,74,422,258,4176383,4176287,106,120,73,87,164,6136359,3961451,94,125,2971,316,1161,0,87,0,917,7774201,2807,0,462,10,1,9,1532,18,14,1546,10,2,1,12
8952.2,1624976490542,50.015611778,1,0,0,21,46,1292,25,1490,11,0,0,0,6,70,5968588,0,34,5,192,11738,2062218,24758,1308,4,192417,139558,60470,60373,24063,14146,21518,11748,96,1122,1123,60,42315,20944,20910932,2249,79,421,266,4154885,4154790,114,127,79,90,167,5968395,3936615,94,129,3046,328,1235,11,90,2,946,7481246,2840,0,476,13,11,19,1534,19,17,1551,9,9,6,16
9002.21,1624976548063,50.010654257,1,0,0,12,27,2572,15,2882,4,0,0,0,10,109,6062288,0,28,10,156,17833,2151086,25230,2606,2,194333,140647,61948,62730,24010,13516,24073,13166,78,1083,1083,33,43135,20879,21467712,2225,79,423,264,4165462,4165361,106,120,78,91,168,6062139,3943626,93,129,3147,329,1402,0,91,0,906,7677248,2844,0,484,9,6,9,2836,27,22,2858,9,7,6,12
9052.22,1624976605396,50.009069587,1,0,0,16,33,1294,17,1489,5,0,0,0,24,79,6183700,0,26,5,162,11993,2243077,23970,1309,3,193829,140286,60017,60856,23841,14140,23887,13732,81,1079,1079,33,42934,20729,22048247,2217,76,423,264,4190276,4190178,110,124,74,87,164,6183592,3970807,93,125,3138,329,1402,0,86,0,915,7853065,2901,0,502,10,6,8,1565,21,13,1578,10,7,6,13
9102.24,1624976662443,50.019469561,1,0,0,17,34,1294,17,1493,5,0,0,0,8,99,6043501,0,29,5,164,19714,2108466,25063,1310,3,193064,139370,60205,61514,22842,12887,24045,13575,82,1097,1097,35,42180,19711,21259406,2249,81,424,260,4188233,4188127,112,124,80,94,171,6043385,3968596,94,131,3160,328,1391,0,93,0,922,7595821,2904,0,500,11,6,9,1563,21,14,1577,10,7,6,13
9152.25,1624976719700,50.009263082,1,0,0,15,29,1292,14,1485,4,0,0,0,14,89,6219422,0,26,5,152,19004,2306484,24577,1312,2,190939,138167,57434,58200,20730,11556,20793,11307,76,1086,1086,37,37899,17717,22327531,2222,75,422,260,4161923,4161822,108,123,73,86,164,6219261,3947321,94,125,2980,323,1179,0,86,0,915,7946906,2811,0,468,10,6,8,1528,18,13,1541,10,7,6,13
9202.26,1624976776767,50.009110440,1,0,0,17,33,1294,16,1475,5,0,0,0,6,49,6006386,0,28,5,160,14964,2075798,24888,1316,3,192044,138958,57497,58325,20717,11779,20765,11276,80,1094,1094,37,37918,17693,21003476,2239,75,424,260,4181371,4181279,112,128,73,86,164,6006186,3965511,94,125,2996,323,1175,0,87,0,921,7505104,2828,0,473,9,6,8,1550,18,15,1565,8,7,6,10
9252.27,1624976833021,50.010409714,1,0,0,20,37,1298,17,1488,5,0,0,0,8,77,6149981,0,32,5,164,15396,2235100,25369,1314,3,192610,139788,59473,59749,22040,11846,21105,11087,82,1126,1127,64,39667,18959,21920347,2249,76,421,265,4165874,4165782,112,126,75,88,166,6149870,3948888,95,126,3021,328,1212,11,89,2,949,7764686,2874,0,477,9,6,8,1543,19,17,1560,9,7,6,11
9302.28,1624976889888,50.011719358,1,0,0,22,50,1297,28,1515,8,0,0,0,8,72,6121081,0,26,5,208,13824,2211822,24904,1325,4,194045,140417,60065,60838,23856,14172,23915,13607,104,1083,1083,33,42936,20769,21801492,2225,76,424,264,4163339,4163234,118,134,74,87,164,6120823,3943937,93,125,3148,329,1407,0,86,0,907,7727920,2897,0,503,11,12,15,1583,22,16,1599,9,13,11,14
9352.29,1624976946963,50.013303922,1,0,0,17,29,1291,12,1499,6,0,0,0,27,103,6203073,0,28,5,144,16962,2274835,25585,1307,3,194290,140637,60935,61737,24103,13613,24166,13386,72,1083,1083,33,43350,20908,22194739,2225,83,427,264,4182356,4182246,110,126,82,94,172,6202903,3962004,93,133,3154,329,1401,0,95,0,909,7865693,2915,0,511,13,6,4,1557,22,16,1573,7,7,6,12
9402.3,1624977004375,50.010216987,1,0,0,15,32,1291,17,1508,5,0,0,0,2,69,6044675,0,26,5,164,9112,2088300,24906,1315,2,193963,140348,60146,60801,23828,13828,23847,13450,82,1087,1087,33,42925,20738,21169291,2233,75,422,265,4208491,4208393,110,126,74,86,164,6044366,3988599,93,125,3158,333,1400,0,87,0,915,7566842,2806,0,472,9,14,18,1567,22,16,1583,5,9,6,9
9452.31,1624977061541,50.009278792,1,0,0,12,27,2572,15,2865,4,0,0,0,2,58,6039585,0,26,10,156,6324,2135495,24531,2608,2,191655,138661,58847,59644,20714,11875,20801,11780,78,1093,1093,37,37903,17701,21304061,2236,75,423,260,4152905,4152794,108,124,73,87,164,6039370,3936512,94,125,2991,323,1167,0,87,0,918,7640824,2793,0,474,9,6,9,2835,24,22,2857,9,7,6,12
9502.32,1624977118013,50.009410058,1,0,0,17,33,1294,16,1475,5,0,0,0,28,34,6153286,0,32,5,160,5651,2201076,25012,1310,3,192117,139045,58190,59056,20929,11246,20979,11214,80,1139,1140,64,38308,17847,21780491,2274,76,426,262,4203719,4203628,112,125,74,87,166,6153112,3987248,95,126,3036,328,1194,11,87,2,952,7731589,2946,0,493,10,6,8,1549,18,13,1562,10,7,6,13
9552.33,1624977174654,50.009228679,1,0,0,18,39,1294,21,1491,6,0,0,0,14,77,5874019,0,26,5,180,17265,1937967,23072,1313,3,192204,139055,57351,58171,20721,11402,20765,11307,90,1094,1094,37,37923,17700,20211113,2239,74,424,259,4183038,4182940,114,130,73,87,164,5873800,3967356,94,125,2989,319,1162,0,87,0,914,7358541,2816,0,466,9,9,16,1537,18,14,1551,9,8,6,13
9602.34,1624977231328,50.012939956,1,0,0,15,29,1292,14,1515,4,0,0,0,4,90,6082585,0,27,5,152,10719,2117942,24274,1312,2,192864,139847,58422,58910,22741,13197,20966,11150,76,1082,1082,33,39768,19695,21327865,2223,77,425,264,4213466,4213373,108,124,76,90,164,6082335,3997095,93,127,2999,324,1184,0,88,0,906,7604428,2835,0,464,10,6,8,1542,18,13,1555,10,7,6,13
9652.36,1624977288036,50.019694202,1,0,0,18,34,1295,16,1505,5,0,0,0,14,102,5925955,0,28,5,160,13218,2003772,23898,1308,3,193746,140211,60439,61330,23992,13703,24039,13481,80,1082,1082,33,43196,20841,20596470,2223,80,422,264,4174034,4173935,112,128,79,91,168,5925597,3953981,93,129,3145,329,1396,0,90,0,910,7399473,2923,0,496,8,6,8,1553,22,16,1569,8,7,6,11
9702.37,1624977344820,50.011850109,1,0,0,13,28,1288,15,1501,6,0,0,0,2,78,6062573,0,26,5,156,14236,2101802,24435,1312,2,193368,139926,60112,60832,23900,13731,23927,13481,78,1079,1079,33,42948,20777,21248093,2217,76,421,265,4210391,4210281,108,124,74,86,164,6062271,3991243,93,125,3140,333,1407,0,87,0,904,7607891,2839,0,486,12,7,8,1570,22,13,1583,8,8,6,12
9752.38,1624977401608,50.013694172,1,0,0,17,33,1294,16,1495,5,0,0,0,4,98,6081483,0,32,5,160,13593,2142478,25427,1316,3,193482,140141,62346,62803,24254,14304,24316,14079,80,1132,1133,64,44090,21061,21466892,2261,79,420,268,4192099,4191998,112,126,77,90,170,6081197,3970167,95,128,3192,340,1434,11,91,2,951,7654584,2957,0,502,9,6,8,1577,21,13,1590,9,7,6,12
9802.39,1624977458607,50.014276475,1,0,0,21,51,1297,30,1494,8,0,0,0,20,62,5977757,0,26,5,216,8237,2022183,24570,1319,4,192117,138869,56042,57433,20431,11648,23073,13953,108,1096,1096,37,37910,17525,20717900,2243,71,425,260,4203128,4203037,120,134,70,84,158,5977530,3988380,90,121,3009,325,1184,0,82,0,917,7454628,2890,0,498,12,13,19,1564,22,17,1581,8,14,11,15
9852.4,1624977515297,50.011982879,1,0,0,13,24,1291,11,1476,4,0,0,0,4,63,5986403,0,26,5,140,17757,2030532,23383,1309,2,191690,138680,57765,58543,20885,11057,20922,11023,70,1091,1091,37,38095,17810,20809344,2233,78,426,259,4202157,4202055,108,124,77,90,168,5986082,3986727,94,129,2991,319,1168,0,90,0,909,7517257,2793,0,462,12,6,4,1526,19,16,1542,8,7,6,12
9902.41,1624977572321,50.010715395,1,0,0,15,28,1291,13,1491,4,0,0,0,8,68,6186926,0,27,5,148,18350,2245229,23680,1310,2,191294,138276,56235,57054,20712,11180,20779,10897,74,1081,1081,33,37357,17688,22059079,2221,77,422,258,4186829,4186732,108,124,75,87,164,6186796,3973320,93,127,2975,316,1165,0,87,0,905,7867125,2773,0,440,7,10,11,1538,19,16,1554,3,8,6,6
9952.42,1624977629159,50.010852516,1,0,0,21,37,1298,16,1496,5,0,0,0,0,61,6088701,0,27,5,160,12269,2137754,24085,1310,3,190072,137781,56585,57271,22717,13413,20768,11527,80,1069,1069,33,39299,19797,21433752,2197,74,416,264,4195855,4195759,112,128,72,88,155,6088566,3983130,89,122,2965,323,1178,0,84,0,901,7706865,2797,0,456,10,6,8,1549,20,20,1569,9,7,6,12
10002.4,1624977686016,50.010354237,1,0,0,12,17,1292,5,1471,3,0,0,0,2,53,6112331,0,25,5,116,5282,2165399,25571,1299,2,194255,140550,60037,60670,23893,13826,23919,13355,58,1084,1084,33,42929,20751,21621077,2227,75,422,265,4199188,4199091,106,122,74,87,164,6112060,3979194,93,125,3150,333,1402,0,87,0,913,7765548,2802,0,449,9,4,5,1559,22,17,1576,9,2,1,11
10052.4,1624977743204,50.010653685,1,0,0,19,44,1294,25,1511,9,0,0,0,2,100,5889609,0,26,5,196,12217,1912457,24096,1320,4,193149,139770,60327,61100,25900,15717,23900,13544,98,1081,1081,33,43022,22775,20178316,2221,76,420,266,4226003,4225909,118,134,74,86,164,5889455,4006816,93,125,3149,336,1406,0,87,0,907,7346189,2952,0,487,13,12,12,1561,22,17,1578,9,13,11,14
10102.4,1624977799972,50.009224661,1,0,0,14,32,1291,18,1503,5,0,0,0,8,79,6023044,0,31,5,168,15978,2072658,24756,1311,2,194176,140672,62586,63417,24313,14122,24357,13922,84,1097,1097,37,44177,21033,21078827,2245,85,422,266,4204492,4204387,110,126,84,98,176,6022888,3982057,94,135,3172,336,1414,0,98,0,914,7551476,3004,0,500,10,10,15,1556,21,13,1569,10,8,6,14
10152.4,1624977856752,50.010542454,1,0,0,14,28,2571,14,2883,4,0,0,0,2,73,5957945,0,25,10,152,19687,2012632,23695,2615,2,190670,137973,59333,59956,20881,10458,20904,10550,76,1087,1087,37,38158,17792,20656954,2224,77,423,260,4194333,4194231,108,124,77,90,168,5957739,3977942,94,129,2985,323,1174,0,90,0,912,7453333,2908,0,454,9,6,8,2832,23,18,2850,9,7,6,12
10202.4,1624977913379,50.013327572,1,0,0,16,33,1294,17,1482,5,0,0,0,23,83,6083097,0,25,5,166,16577,2122865,24293,1309,3,191021,138225,57248,58042,20662,11368,20742,11055,83,1084,1084,37,37937,17704,21344482,2218,75,422,258,4208855,4208759,114,131,73,87,164,6082826,3994432,94,125,2968,316,1162,0,86,0,911,7679826,2930,0,475,10,6,8,1537,18,13,1550,10,7,6,13
10252.4,1624977970000,50.010784924,1,0,0,18,40,1294,22,1478,6,0,0,0,10,58,5948614,0,27,5,184,25873,2034263,23748,1310,3,191836,138675,56292,56607,20665,11276,20674,10709,92,1083,1083,33,37347,17658,20736115,2224,76,424,258,4160917,4160813,114,129,75,88,164,5947810,3946976,93,127,2976,316,1158,0,88,0,906,7450251,2822,0,454,10,7,15,1548,18,13,1561,10,8,6,14
10302.4,1624978026697,50.013284877,1,0,0,16,33,1294,17,1477,5,0,0,0,6,63,6110581,0,32,5,166,20951,2166858,23988,1312,3,190659,137950,57736,58039,21161,10990,20897,10803,83,1122,1123,60,38294,18150,21576674,2248,75,420,266,4190843,4190744,114,130,73,85,162,6110302,3976618,94,124,3026,332,1208,11,85,2,940,7764643,2886,0,474,10,6,8,1540,18,13,1553,10,7,6,13
10352.4,1624978083302,50.013362570,1,0,0,14,29,1292,15,1490,4,0,0,0,14,88,6323882,0,26,5,156,15040,2408032,25657,1312,2,193614,140065,58183,58996,23492,13442,23544,13134,78,1089,1089,35,42260,20506,22978244,2233,70,423,266,4165912,4165819,108,125,70,83,155,6323831,3947982,89,120,3155,335,1403,0,81,0,914,8123490,2941,0,491,9,6,8,1568,21,13,1581,9,7,6,12
10402.4,1624978139986,50.009466698,1,0,0,16,33,2572,17,2888,5,0,0,0,2,59,6098482,0,28,10,164,7684,2143781,25265,2609,2,193529,140156,63542,64415,24200,13991,24256,13512,82,1088,1088,37,43937,20975,21527300,2227,81,423,266,4205573,4205476,108,124,80,93,172,6098281,3982519,94,131,3178,336,1427,0,94,0,914,7723388,2903,0,479,10,7,12,2853,26,19,2872,8,8,6,10
10452.4,1624978196699,50.009496129,1,0,0,16,33,1294,17,1492,5,0,0,0,6,72,6013011,0,25,5,164,13481,2088846,24594,1309,3,193988,140474,61542,62403,24046,14111,24118,14110,82,1088,1088,37,43766,20893,21106506,2227,78,422,265,4179877,4179780,112,128,76,89,168,6012765,3958566,94,127,3150,333,1407,0,89,0,915,7565535,2876,0,498,9,6,8,1557,21,13,1570,9,7,6,11
10502.4,1624978254049,50.012052613,1,0,0,18,34,1294,16,1473,5,0,0,0,0,55,6155300,0,25,5,160,12314,2223159,25699,1311,3,192856,139215,59605,60449,22421,12819,23828,13638,80,1089,1089,37,41772,19299,21913229,2229,77,422,259,4184362,4184255,112,129,75,87,168,6155052,3965191,94,127,3132,324,1381,0,89,0,911,7768134,2850,0,484,10,6,9,1574,21,14,1588,10,7,6,13
10552.4,1624978311866,50.011881286,1,0,0,15,34,1292,19,1495,5,0,0,0,2,86,5728292,0,33,5,172,17862,1777618,24116,1317,2,192494,139145,57046,57864,20894,11438,20943,10898,86,1135,1136,60,37776,17856,19298905,2275,77,425,260,4195751,4195646,110,126,76,89,166,5727994,3980475,94,128,3031,320,1183,11,89,2,949,7085401,2815,0,463,10,11,8,1546,18,13,1559,10,12,11,14
10602.4,1624978369144,50.010491589,1,0,0,20,32,1294,12,1478,4,0,0,0,0,45,6069462,0,26,5,144,12910,2133553,23298,1310,2,188850,136549,55897,56414,20511,11744,20520,11307,72,1071,1071,33,37170,17582,21374026,2200,72,416,262,4176984,4176889,108,124,71,83,160,6069106,3965870,93,124,2954,318,1159,0,84,0,903,7665980,2780,0,434,7,11,15,1532,18,17,1549,3,8,6,6
10652.4,1624978425660,50.010554902,1,0,0,21,37,1298,16,1500,5,0,0,0,4,86,6062926,0,26,5,160,13787,2097238,25939,1307,3,193401,139967,60613,61480,24027,14177,24078,13576,80,1082,1082,33,43258,20852,21277843,2223,80,425,265,4214041,4213940,112,128,78,92,168,6062792,3994463,93,129,3153,333,1408,0,91,0,907,7656195,2937,0,474,10,6,8,1557,22,20,1577,9,7,6,12
10702.4,1624978482771,50.011559643,1,0,0,18,38,1292,20,1489,8,0,0,0,2,48,6011833,0,27,5,176,12758,2057061,23921,1310,3,193833,140360,61684,62342,24043,14555,24111,14331,88,1090,1090,37,43742,20890,21002418,2231,77,421,266,4208413,4208312,114,130,76,89,167,6011502,3986795,94,127,3161,336,1416,0,90,0,924,7513659,2871,0,475,12,8,12,1563,23,17,1580,4,9,6,12
10752.4,1624978539366,50.009047771,1,0,0,16,36,1291,20,1490,8,0,0,0,10,81,6095135,0,26,5,176,14284,2192152,23962,1312,3,192099,139171,61668,62322,24063,13924,24045,13607,88,1080,1080,37,43750,20882,21699779,2211,77,418,266,4152786,4152685,114,130,76,90,168,6094976,3933006,94,127,3136,336,1414,0,90,0,911,7693496,2945,0,500,15,8,11,1566,23,16,1582,5,9,6,15
10802.4,1624978596232,50.013693301,1,0,0,15,31,1291,16,1474,5,0,0,0,0,105,5987444,0,33,5,160,15403,2021737,24320,1311,2,192322,138828,59156,60526,21467,11970,23683,13732,80,1105,1105,46,40840,18397,20771875,2243,76,422,261,4216342,4216240,108,125,74,90,167,5987359,3997804,94,127,3147,326,1391,4,89,0,921,7511060,2832,0,474,12,7,11,1563,22,16,1579,4,8,6,12
10852.4,1624978653639,50.010638213,1,0,0,12,23,2568,11,2872,3,0,0,0,3,59,5839995,0,28,10,140,12124,1912812,22060,2612,1,191159,138215,57725,58592,20682,11684,20741,11559,70,1083,1083,35,37484,17688,20032265,2221,77,422,258,4173958,4173869,102,118,75,87,165,5839762,3959153,93,127,2972,316,1162,0,87,0,910,7255317,2744,0,440,6,6,8,2831,23,18,2849,2,7,6,6
10902.4,1624978710688,50.008793216,1,0,0,16,35,1291,19,1474,6,0,0,0,0,79,6110824,0,25,5,172,5450,2188200,22566,1309,2,191620,138497,55873,56491,20543,11367,20553,11118,86,1083,1083,33,37160,17584,21654864,2225,71,428,258,4166323,4166220,110,126,71,84,160,6110440,3952678,93,123,2974,316,1157,0,83,0,909,7812690,2781,0,450,12,11,18,1538,19,16,1554,4,9,6,12
10952.4,1624978767856,50.010069129,1,0,0,17,36,1291,19,1489,8,0,0,0,2,86,6154294,0,26,5,172,23319,2212086,24595,1309,3,193718,140193,60203,60808,23838,13448,23833,13292,86,1082,1082,33,42938,20713,21886326,2223,75,422,265,4196170,4196060,114,130,74,86,164,6153886,3976247,93,125,3148,333,1405,0,87,0,907,7772094,2881,0,481,15,8,11,1563,23,16,1579,5,9,6,15
11002.4,1624978824464,50.011628332,1,0,0,16,36,1291,20,1499,8,0,0,0,16,102,5914215,0,30,5,178,11138,2014319,24442,1312,3,194424,140715,60669,61526,24007,14207,24063,13638,89,1088,1088,33,43195,20862,20582877,2235,80,424,265,4155453,4155328,116,132,78,91,168,5913977,3934422,93,129,3162,333,1405,0,90,0,911,7346787,2897,0,487,15,8,11,1569,23,16,1585,5,9,6,15
11052.4,1624978881343,50.009221097,1,0,0,14,29,1291,15,1494,4,0,0,0,30,54,6159119,0,28,5,156,7506,2183076,25639,1310,2,193335,140075,62116,63024,24181,14085,24276,13985,78,1089,1089,37,43922,20961,21782412,2229,82,421,266,4232142,4232043,108,124,80,93,172,6158981,4010632,94,131,3155,336,1407,0,93,0,912,7788503,2932,0,497,9,9,11,1559,22,16,1575,3,8,6,9
11102.4,1624978938636,50.011753781,1,0,0,22,44,1293,22,1499,9,0,0,0,13,72,6103968,0,32,5,184,17017,2188228,24581,1322,3,192147,138926,56839,58318,20624,11369,23287,13670,92,1140,1141,64,38164,17704,21634906,2277,72,424,262,4166916,4166822,112,128,71,87,160,6103896,3951059,91,122,3050,329,1219,11,85,2,951,7760679,2919,0,484,12,12,9,1560,23,18,1578,4,13,11,12
11152.4,1624978995393,50.013593067,1,0,0,16,34,1291,18,1476,8,0,0,0,2,81,6119971,0,61,5,168,11622,2172125,25055,1313,3,191764,138739,57391,58209,20695,11467,20743,11119,84,1088,1088,37,37947,17701,21599463,2227,76,424,259,4196084,4195987,114,129,73,86,164,6119673,3980667,94,125,2988,349,1172,0,86,0,917,7741529,2830,0,453,12,10,11,1545,20,16,1561,4,9,6,12
11202.4,1624979051739,50.010506653,1,0,0,17,36,1291,19,1486,8,0,0,0,10,65,6160067,0,29,5,172,7510,2246818,25165,1311,3,191312,138322,56362,57059,20660,11120,20708,10804,86,1082,1082,33,37390,17662,21979630,2223,75,428,258,4161712,4161610,114,130,75,88,164,6159830,3948417,93,127,2980,316,1165,0,89,0,908,7792796,2788,0,462,15,8,11,1534,20,16,1550,5,9,6,14
11252.4,1624979108133,50.009079377,1,0,0,16,36,1291,20,1489,8,0,0,0,20,65,5946045,0,27,5,176,8557,1979282,24147,1312,3,191945,138780,55954,56734,20508,11179,20575,10804,88,1089,1089,33,37167,17555,20489930,2237,73,424,259,4214619,4214524,114,130,71,83,160,5945867,4001239,93,123,2990,320,1161,0,84,0,916,7396545,2852,0,461,15,8,11,1544,20,16,1560,5,9,6,14
11302.4,1624979164929,50.009394442,1,0,0,18,33,1294,15,1509,4,0,0,0,10,52,6066842,0,27,5,156,13924,2113799,24519,1311,2,193626,140384,57803,58341,22044,12313,20821,10993,78,1087,1087,33,38973,19028,21280689,2231,74,425,265,4203387,4203295,108,124,72,84,160,6066618,3987385,93,123,3019,328,1195,0,84,0,917,7649796,2887,0,448,7,9,14,1539,19,19,1558,3,8,6,7
11352.4,1624979221290,50.009146811,1,0,0,22,44,1293,22,1508,9,0,0,0,0,68,6096384,0,33,5,184,12055,2140121,25530,1318,3,194706,140934,60452,61367,23874,13293,23988,12977,92,1138,1139,64,43240,20837,21525416,2273,75,425,268,4205450,4205357,112,128,73,88,161,6096232,3983653,91,123,3207,339,1441,11,85,2,952,7707147,2865,0,480,12,12,9,1560,23,18,1578,4,13,11,11
11402.4,1624979278123,50.011264363,1,0,0,16,34,1294,18,1486,6,0,0,0,6,84,6059707,0,25,5,168,11195,2132987,24492,1313,3,194616,140947,61577,62454,24015,13767,24070,13639,84,1091,1091,37,43736,20874,21379609,2233,78,424,265,4179016,4178922,114,130,76,89,168,6059451,3956908,94,127,3156,332,1411,0,89,0,928,7615338,2883,0,495,10,10,14,1564,23,19,1583,4,9,6,9
11452.4,1624979335287,50.010522089,1,0,0,17,29,1291,12,1512,6,0,0,0,26,82,6250541,0,25,5,144,10251,2308899,26093,1316,3,194819,141132,62051,62843,24183,13771,24262,13450,72,1090,1090,37,43906,20956,22449044,2231,81,428,265,4193775,4193670,110,126,80,94,172,6250411,3971616,94,131,3157,333,1410,0,94,0,922,7864905,3044,0,521,13,6,4,1575,22,16,1591,7,7,6,12
11502.4,1624979392282,50.012120535,1,0,0,16,36,1291,20,1477,8,0,0,0,4,88,6227835,0,28,5,178,10671,2293245,24416,1310,3,191177,137906,57086,58349,21109,11776,23454,13418,89,1078,1078,33,39061,18103,22288781,2215,74,421,258,4181474,4181371,116,132,72,86,163,6227541,3966617,93,124,3121,321,1380,0,85,0,907,7905716,2904,0,494,16,8,11,1568,23,16,1584,5,9,6,14
11552.4,1624979449269,50.010250962,1,0,0,12,28,2571,16,2886,4,0,0,0,0,59,6004638,0,26,10,160,17778,2031560,24379,2612,2,190733,137875,57286,57907,20574,11050,20590,11118,80,1082,1082,33,37172,17658,20829619,2223,71,421,259,4220628,4220534,108,124,71,83,160,6004463,4006780,93,123,2975,320,1160,0,83,0,905,7553964,2744,0,455,7,7,11,2839,24,21,2860,3,8,6,7
11602.4,1624979505610,50.009314502,1,0,0,16,35,1291,19,1474,6,0,0,0,6,78,6042985,0,32,5,174,22036,2069369,23655,1308,2,189117,136755,56633,57419,20741,11495,20822,11212,87,1117,1118,60,37591,17753,21084019,2239,73,418,261,4215146,4215056,112,128,72,85,162,6042782,4002964,94,124,2997,324,1184,11,84,2,943,7573694,2850,0,472,12,11,18,1537,19,16,1553,4,9,6,12
11652.4,1624979562766,50.015882531,1,0,0,15,31,1291,16,1488,5,0,0,0,12,88,6142259,0,50,5,160,18360,2225833,24607,1315,2,192203,139064,57550,58448,20735,11277,20797,11086,80,1097,1097,37,37928,17722,21877227,2244,76,424,260,4167801,4167711,108,124,74,87,164,6142040,3952005,94,125,3023,323,1166,0,87,0,915,7777956,2886,0,458,12,7,11,1544,19,16,1560,4,8,6,12
11702.4,1624979620051,50.013404630,1,0,0,16,31,1291,15,1510,5,0,0,0,10,92,6153011,0,38,5,158,15425,2208723,24853,1313,2,194886,141274,61503,61777,24070,13707,21551,11244,79,1095,1095,37,42758,20891,21847016,2241,80,429,266,4201204,4201098,110,126,79,91,169,6152808,3979694,94,130,3138,332,1346,0,92,0,920,7728084,2911,0,472,12,7,11,1551,20,16,1567,4,8,6,12
11752.4,1624979676939,50.010567401,1,0,0,17,33,1294,16,1495,5,0,0,0,4,68,6216397,0,38,5,160,12694,2252963,24778,1311,3,193933,140447,62014,62823,24142,14119,24199,13481,80,1088,1088,37,43905,20971,22197129,2226,81,421,265,4214901,4214797,110,125,80,95,172,6216199,3993140,94,131,3160,332,1403,0,95,0,910,7887620,2891,0,479,8,6,8,1554,22,16,1570,8,7,6,10
11802.4,1624979734042,50.009286461,1,0,0,21,37,1298,16,1495,5,0,0,0,32,88,6030276,0,39,5,160,24596,2060500,24048,1309,3,194490,140765,60510,61342,24019,13578,24075,13481,80,1083,1083,33,43202,20888,21052517,2225,80,425,264,4220867,4220771,112,129,78,90,168,6030162,4000773,93,129,3162,329,1403,0,90,0,904,7515109,2964,0,511,9,6,8,1567,21,17,1584,9,7,6,12
11852.4,1624979791536,50.012007436,1,0,0,16,33,1294,17,1484,5,0,0,0,12,79,6040221,0,37,5,164,16152,2114400,24652,1314,3,192148,138916,57562,58336,20904,10966,20965,10867,82,1086,1086,33,37926,17852,21243135,2231,80,424,258,4176584,4176472,112,128,79,93,171,6039912,3961589,95,132,2996,318,1159,0,92,0,915,7616606,2870,0,469,10,6,8,1547,18,13,1560,10,7,6,13
11902.4,1624979847648,50.009394310,1,0,0,17,37,1294,20,1491,6,0,0,0,24,75,6020334,0,45,5,176,18666,2043056,23484,1314,3,190081,137474,57103,57858,22942,13422,20956,11087,88,1124,1125,60,37858,19877,20921249,2252,77,421,261,4222546,4222453,114,129,76,89,166,6020172,4009434,94,128,3023,324,1186,11,88,2,940,7514509,2936,0,494,10,10,15,1547,18,13,1560,10,8,6,14
11952.4,1624979904537,50.009259597,1,0,0,15,34,1292,19,1493,5,0,0,0,8,51,6243300,0,39,5,172,10686,2263514,24438,1321,2,191878,138695,55994,56871,20544,11149,20646,11181,86,1092,1092,33,37255,17589,22219509,2243,72,425,259,4227848,4227755,110,126,71,85,160,6243112,4014333,93,123,3010,320,1162,0,84,0,915,7919037,2854,0,468,10,11,8,1550,18,13,1563,10,12,11,14
12002.4,1624979961317,50.008678477,1,0,0,13,29,1291,16,1492,4,0,0,0,24,74,6076596,0,34,5,160,26111,2097673,24272,1309,2,194255,140743,62112,62366,24254,13583,24232,13229,80,1094,1094,37,43896,21035,21310233,2239,81,423,266,4231662,4231554,110,127,80,93,172,6076234,4009705,94,131,3177,336,1411,0,94,0,920,7587975,2921,0,484,8,6,8,1558,21,13,1571,8,7,6,11
12052.4,1624980018376,50.008690254,1,0,0,17,33,1294,16,1489,5,0,0,0,4,75,6146590,0,34,5,162,21679,2180711,24953,1312,3,194509,140841,61541,62235,24036,14114,24063,13607,81,1091,1091,37,43701,20857,21754414,2233,77,423,265,4221368,4221263,114,130,76,89,168,6146218,3999617,94,127,3166,332,1406,0,89,0,916,7722769,2958,0,506,10,6,8,1571,21,13,1584,10,7,6,13
12102.4,1624980075284,50.010644630,1,0,0,16,33,1294,17,1498,5,0,0,0,8,95,5985469,0,34,5,164,15016,2018765,23892,1309,3,195102,141286,61986,62830,24190,13801,24252,13543,82,1096,1096,37,43902,20967,20785274,2243,82,424,265,4223820,4223719,112,128,80,93,172,5985309,4001062,94,131,3171,332,1405,0,93,0,914,7483372,2930,0,502,10,6,8,1565,21,13,1578,10,7,6,13
12152.4,1624980131988,50.008790436,1,0,0,19,39,1294,20,1473,6,0,0,0,4,85,6087307,0,44,5,176,19988,2120794,24086,1311,3,191650,138266,58705,59578,22335,12601,23843,13859,88,1125,1126,60,41238,19285,21370841,2255,75,422,260,4217393,4217294,114,130,74,87,166,6086813,4000243,94,126,3176,325,1401,11,86,2,942,7615929,2923,0,513,10,9,16,1547,21,14,1561,10,8,6,14
12202.4,1624980189076,50.009141022,1,0,0,17,33,1294,16,1472,5,0,0,0,18,69,6010873,0,27,5,160,10514,2037208,23321,1309,3,192339,139025,55910,56751,20519,11808,20585,11528,80,1092,1092,33,37170,17578,20854714,2243,73,425,259,4222158,4222062,112,129,71,84,160,6010660,4008297,93,123,3005,320,1178,0,84,0,911,7530867,2848,0,457,8,6,8,1520,18,13,1533,8,7,6,11
12252.4,1624980245940,50.009154966,1,0,0,13,28,1291,15,1478,4,0,0,0,6,102,6164661,0,27,5,156,14569,2185751,23859,1310,2,191427,138392,56411,57349,20716,11403,20803,10961,78,1087,1087,33,37433,17696,21755378,2233,77,427,259,4227048,4226953,108,124,75,90,164,6164556,4013492,93,127,2994,320,1167,0,89,0,910,7807484,2880,0,482,9,6,8,1534,18,13,1547,9,7,6,12
12302.4,1624980303142,50.009238352,1,0,0,18,34,1294,16,1491,5,0,0,0,2,90,5979677,0,27,5,160,14045,1984897,24190,1309,3,194528,140868,61641,62453,24031,13672,24081,13292,80,1094,1094,37,43705,20890,20640337,2239,77,423,266,4250196,4250099,112,128,76,90,168,5979520,4027878,94,127,3169,336,1419,0,89,0,920,7496225,2916,0,488,11,6,9,1564,21,14,1578,10,7,6,13
12352.4,1624980360480,50.011465796,1,0,0,16,33,1294,17,1492,5,0,0,0,0,82,6074136,0,27,5,166,12189,2049110,23975,1309,3,194742,140998,61505,62160,24012,13922,24029,13764,83,1093,1093,37,43706,20863,21073771,2237,77,423,265,4281104,4281009,114,130,76,89,168,6074042,4058870,94,127,3161,332,1405,0,89,0,912,7565734,2909,0,485,10,6,8,1554,21,13,1567,10,7,6,13
12402.4,1624980417576,50.009235404,1,0,0,14,29,1292,15,1506,4,0,0,0,2,106,6003989,0,45,5,156,7392,2020543,24765,1311,2,194104,140578,62719,63546,24426,14497,24472,14268,78,1133,1134,64,44316,21164,20804646,2263,83,422,267,4236949,4236847,108,123,81,94,174,6003796,4014527,95,132,3205,337,1436,11,94,2,950,7438386,2950,0,482,9,6,8,1558,21,13,1571,9,7,6,12
12452.4,1624980474776,50.011970302,1,0,0,14,28,1291,14,1474,4,0,0,0,2,78,6171776,0,36,5,152,20710,2175824,23468,1310,2,191051,138226,57249,57799,20684,11590,20659,11371,76,1083,1083,35,37602,17671,21748970,2221,75,421,259,4240889,4240797,108,124,73,83,164,6171592,4026282,93,123,2983,319,1162,0,85,0,912,7799905,2820,0,446,8,6,8,1537,18,13,1550,8,7,6,10
12502.4,1624980531132,50.012031614,1,0,0,16,33,1294,17,1481,5,0,0,0,43,65,6010556,0,25,5,164,13632,2023041,23257,1309,3,192205,139004,56375,57157,20706,11969,20761,11528,82,1089,1089,33,37358,17676,20798073,2237,77,430,259,4234414,4234310,112,128,75,89,164,6010266,4020807,93,127,2995,320,1164,0,88,0,913,7542423,2908,0,473,10,6,8,1548,18,13,1561,10,7,6,13
12552.4,1624980587902,50.009374617,1,0,0,17,33,1294,16,1471,5,0,0,0,18,58,6102592,0,25,5,160,6979,2096241,24079,1309,3,191681,138571,55907,56718,20540,11588,20591,11213,80,1087,1087,33,37218,17579,21260455,2233,73,424,259,4253522,4253426,112,128,71,84,159,6102394,4040445,93,123,2986,320,1161,0,84,0,909,7656006,2822,0,455,10,6,8,1532,18,13,1545,10,7,6,13
12602.4,1624980644573,50.010084863,1,0,0,17,37,1294,20,1489,6,0,0,0,12,60,6175290,0,26,5,176,4223,2222871,23967,1309,3,194664,140970,61535,62202,24005,13389,24045,13229,88,1091,1091,37,43694,20864,21957376,2233,77,424,265,4207433,4207328,114,130,76,89,168,6174936,3985701,94,127,3159,333,1406,0,89,0,916,7768629,2882,0,473,10,10,15,1568,21,13,1581,10,8,6,14
12652.4,1624980701422,50.008977007,1,0,0,16,33,1294,17,1503,5,0,0,0,2,66,6207294,0,26,5,164,6355,2222230,23973,1312,3,194277,140675,61501,62294,24041,13986,24089,13670,82,1087,1087,37,43710,20893,21992653,2225,77,423,265,4237347,4237253,112,128,76,89,168,6207059,4015885,94,127,3146,332,1403,0,89,0,911,7849717,2829,0,473,8,6,8,1574,21,15,1589,8,7,6,10
12702.4,1624980758120,50.009174556,1,0,0,14,28,1291,14,1501,4,0,0,0,2,83,6162402,0,33,5,152,8379,2198359,24688,1317,2,194832,141129,62720,63508,24400,13964,24457,13890,76,1133,1134,64,44292,21152,21853449,2263,83,423,267,4218249,4218145,108,124,81,94,174,6162229,3994776,95,132,3191,336,1436,11,95,2,950,7822172,2898,0,493,9,6,8,1565,21,13,1578,9,7,6,11
12752.4,1624980815030,50.013589852,1,0,0,16,33,1294,17,1498,5,0,0,0,18,87,6169608,0,26,5,166,5499,2207839,25014,1312,3,195057,141279,62013,62977,24179,14054,24250,13669,83,1092,1092,37,43973,20952,21882626,2234,82,428,265,4218149,4218051,114,130,81,95,172,6169313,3995325,94,131,3163,332,1412,0,94,0,915,7788334,2947,0,512,10,6,8,1579,21,13,1592,10,7,6,13
12802.4,1624980871692,50.009237399,1,0,0,17,33,1294,16,1484,5,0,0,0,6,59,5981192,0,28,5,160,11991,2036036,22770,1307,3,191827,138649,55897,56758,20525,11711,20586,11401,80,1089,1089,33,37211,17586,20800537,2237,73,423,259,4190541,4190447,112,129,71,85,160,5980959,3976919,93,123,2992,320,1161,0,83,0,908,7457576,2804,0,464,10,6,8,1532,18,13,1545,10,7,6,13
12852.4,1624980928693,50.012446363,1,0,0,16,26,1293,10,1457,3,0,0,0,6,93,5970544,0,29,5,147,21842,2007033,23218,1302,2,191653,138543,55873,56686,20552,11115,20608,11024,73,1093,1093,33,37236,17577,20674261,2245,73,424,259,4209577,4209490,106,124,71,83,160,5970432,3996174,93,123,3000,320,1162,0,84,0,912,7516026,2809,0,465,9,3,9,1533,18,14,1547,9,2,1,11
12902.4,1624980985544,50.010161433,1,0,0,21,38,1297,17,1504,5,0,0,0,20,92,6170362,0,28,5,166,23109,2253703,23630,1315,3,193465,140314,57875,58136,21779,11717,20859,10898,83,1088,1088,33,38797,18712,22075121,2235,77,424,264,4166413,4166314,114,130,76,87,164,6169977,3950764,93,127,3008,328,1189,0,88,0,913,7875806,2868,0,455,8,6,9,1548,19,14,1562,8,7,6,10
12952.4,1624981042549,50.010859862,1,0,0,15,37,551,24,9151,11,0,0,0,16,219,5568821,0,62,540,182,14176,1918431,26997,559,4,244970,184296,162277,164501,40441,18948,40035,18206,91,1221,1223,86,74898,34110,19966456,2395,180,403,936,4021244,4021027,115,126,176,213,313,5568135,3680783,191,256,3727,407,2090,34,216,7,1065,6881947,3312,0,761,14,7,8,1192,24,548,1740,10,8,7,14
13002.4,1624981099236,50.012327130,1,0,0,5,10,4,5,113,2,0,0,0,10,90,6170698,0,26,0,116,6658,2203397,25249,0,1,194773,141062,60219,61063,24037,13610,24089,13041,58,1092,1092,37,43650,20872,21872427,2234,77,423,265,4220817,4220718,102,116,76,89,168,6170462,3999614,94,127,3159,332,1409,0,90,0,921,7806568,2873,0,471,8,1,4,281,16,4,285,8,3,2,11
13052.4,1624981156413,50.010571727,1,0,0,5,10,4,5,107,2,0,0,0,6,79,6102865,0,29,0,116,19509,2200821,25129,0,1,194212,140678,62808,63639,24676,13750,24737,13544,58,1127,1127,37,44957,21306,21734863,2305,88,426,265,4161318,4161208,102,118,87,102,183,6102705,3938579,98,140,3241,336,1445,0,102,0,969,7711985,2948,0,555,8,1,4,283,16,4,287,8,2,1,10
13102.4,1624981212708,50.010971105,1,0,0,5,10,4,5,89,2,0,0,0,16,71,6024557,0,25,0,116,20775,2090195,24015,0,1,194212,140415,58498,59687,23548,13860,24097,13607,58,1088,1088,33,42707,20403,21158119,2235,77,424,259,4184783,4184684,102,118,75,90,169,6024519,3966561,97,130,3136,321,1378,0,89,0,907,7594348,2923,0,481,8,1,4,268,16,4,272,8,2,1,10
13152.4,1624981270107,50.010213501,1,0,0,6,13,6,7,84,3,0,0,0,0,60,5888683,0,25,0,124,8603,1967505,23325,4,2,191507,138239,55645,56997,20732,11842,21224,12000,62,1087,1087,33,37493,17709,20352598,2233,75,422,259,4164297,4164198,106,122,75,89,168,5888352,3950784,98,135,3061,322,1273,4,87,1,916,7368912,2781,0,475,10,1,4,263,20,6,269,9,2,1,11
