time,timestamp,seconds,connectivity,alarmtimer:alarmtimer_fired,alarmtimer:alarmtimer_start,block:block_bio_backmerge,block:block_bio_remap,block:block_dirty_buffer,block:block_getrq,block:block_touch_buffer,block:block_unplug,cachefiles:cachefiles_create,cachefiles:cachefiles_lookup,cachefiles:cachefiles_mark_active,clk:clk_set_rate,cpu-migrations,cs,dma_fence:dma_fence_init,fib:fib_table_lookup,filemap:mm_filemap_add_to_page_cache,gpio:gpio_value,ipi:ipi_raise,irq:irq_handler_entry,irq:softirq_entry,jbd2:jbd2_handle_start,jbd2:jbd2_start_commit,kmem:kfree,kmem:kmalloc,kmem:kmem_cache_alloc,kmem:kmem_cache_free,kmem:mm_page_alloc,kmem:mm_page_alloc_zone_locked,kmem:mm_page_free,kmem:mm_page_pcpu_drain,mmc:mmc_request_start,net:net_dev_queue,net:net_dev_xmit,net:netif_rx,page-faults,pagemap:mm_lru_insertion,preemptirq:irq_enable,qdisc:qdisc_dequeue,random:get_random_bytes,random:mix_pool_bytes_nolock,random:urandom_read,raw_syscalls:sys_enter,raw_syscalls:sys_exit,rpm:rpm_resume,rpm:rpm_suspend,sched:sched_process_exec,sched:sched_process_free,sched:sched_process_wait,sched:sched_switch,sched:sched_wakeup,signal:signal_deliver,signal:signal_generate,skb:consume_skb,skb:kfree_skb,skb:skb_copy_datagram_iovec,sock:inet_sock_set_state,task:task_newtask,tcp:tcp_destroy_sock,tcp:tcp_probe,timer:hrtimer_start,timer:timer_start,udp:udp_fail_queue_rcv_skb,workqueue:workqueue_activate_work,writeback:global_dirty_state,writeback:sb_clear_inode_writeback,writeback:wbc_writepage,writeback:writeback_dirty_inode,writeback:writeback_dirty_inode_enqueue,writeback:writeback_dirty_page,writeback:writeback_mark_inode_dirty,writeback:writeback_pages_written,writeback:writeback_single_inode,writeback:writeback_write_inode,writeback:writeback_written
50.0096,1624981622634,50.009596050,1,0,0,107,139,15645,32,16588,9,0,0,0,2,54,6146293,0,40,62,139,19998,2524725,50838,15880,5,228543,178883,67954,68630,10094,1591,10500,1071,219,1046,1046,952,19617,6925,22826920,2028,141,1275,249,4054444,4054268,1273,116,140,155,231,6145120,3874067,100,206,2598,285,486,4,155,1,890,7316779,3957,0,871,10,81,17,15760,63,81,15835,9,84,83,17
100.019,1624981679759,50.009705838,1,0,0,10,19,4,9,136,3,0,0,0,0,57,6111192,0,36,0,75,22649,2512134,50301,1,2,228651,179140,49275,49783,9609,1243,9627,756,186,1040,1040,936,18846,6573,22673880,2016,130,1278,249,4018408,4018250,1273,122,129,142,216,6110332,3854759,95,186,2538,281,423,0,142,0,884,7315536,3785,0,773,6,2,11,149,0,2,151,6,3,2,9
150.029,1624981737059,50.010275885,1,0,0,5,10,4,5,136,2,0,0,0,0,62,5934080,0,33,0,62,4852,2339066,51393,0,1,234073,183388,50129,50579,9807,1188,9806,567,179,1110,1110,993,19212,6748,21730081,2102,131,1306,251,4020110,4019954,1309,118,130,143,218,5933753,3853224,96,187,2608,285,443,11,143,2,945,7168061,3891,0,763,8,1,4,147,1,4,151,8,2,1,10
200.039,1624981793752,50.010357602,1,0,0,5,10,4,5,136,2,0,0,0,0,62,6227131,0,27,0,62,18086,2601625,50552,0,1,232910,182382,48012,48458,9430,1492,9433,882,171,1058,1058,943,18105,6466,23040859,2060,128,1303,251,4046052,4045902,1288,119,127,139,212,6226787,3882318,94,184,2572,289,425,0,140,0,899,7533571,3856,0,760,8,1,4,148,1,4,152,8,2,1,10
250.05,1624981850597,50.010832703,1,0,0,5,10,4,5,136,2,0,0,0,0,67,6223953,0,28,0,66,10015,2640801,50924,0,1,231832,181546,48043,48463,9412,1175,9440,819,188,1053,1053,949,18155,6470,23193611,2050,128,1296,251,4002630,4002476,1288,118,127,139,212,6223635,3839375,94,184,2573,289,430,0,139,0,904,7420182,3865,0,776,8,1,4,151,1,4,155,8,2,1,10
300.061,1624981907718,50.010516140,1,0,0,5,10,4,5,136,2,0,0,0,0,77,6137591,0,27,0,61,20399,2605357,52590,0,1,230038,180126,47943,48438,9428,1429,9426,819,186,1048,1048,937,18119,6446,22880728,2040,128,1288,251,3952143,3951990,1285,118,127,143,212,6137258,3789838,94,184,2564,291,427,0,141,0,890,7272453,3845,0,781,8,1,4,158,1,4,162,8,2,1,10
350.072,1624981965083,50.011188481,1,0,0,5,10,4,5,136,2,0,0,0,0,74,5757284,0,26,0,65,9185,2293009,51391,0,1,230326,180440,49678,50065,9553,1057,9555,819,210,1048,1048,941,18913,6600,21028595,2032,130,1287,267,3886602,3886450,1296,119,129,142,216,5757044,3721537,95,186,2554,281,421,0,143,0,899,6842994,3873,0,782,8,1,4,155,1,4,159,8,2,1,10
400.083,1624982021854,50.010722286,1,0,0,6,13,5,7,365,3,0,0,0,2,107,5889323,0,32,0,69,20723,2385571,53402,1,2,232120,181746,62039,63265,12607,2148,12131,1071,62,1110,1110,978,25892,8978,21640520,2156,158,1287,277,3932494,3932289,1275,123,154,173,264,5888984,3758968,114,216,2655,292,526,2,175,0,930,7017685,3827,0,891,9,1,4,183,3,5,188,9,2,1,11
450.094,1624982078569,50.010680152,1,0,0,5,11,4,6,199,2,0,0,0,0,67,5883507,0,28,0,69,4634,2398964,50830,0,1,230941,180907,47608,48076,9336,1297,9344,693,60,1052,1052,942,18201,6410,21720773,2040,130,1288,249,3903704,3903545,1213,117,129,143,211,5882576,3740516,90,184,2442,280,347,0,142,0,898,7255210,3694,0,744,6,1,5,140,0,4,144,6,3,2,9
500.105,1624982135273,50.010521979,1,0,0,5,10,4,5,128,2,0,0,0,0,64,5954774,0,26,0,63,14460,2513432,53028,0,1,227649,178302,47456,47942,9283,1420,9277,945,177,1038,1038,933,17828,6359,22099950,2020,124,1276,251,3856097,3855942,1268,117,123,135,208,5953834,3695700,94,180,2530,291,423,0,136,0,887,7311905,3881,0,785,8,1,4,151,1,4,155,8,2,1,10
550.116,1624982192396,50.011292499,1,0,0,5,10,4,5,128,2,0,0,0,0,66,5873781,0,26,0,61,17132,2432235,51496,0,1,226638,177496,47482,47910,9313,1418,9330,882,184,1027,1027,921,17903,6380,21717185,1998,123,1271,251,3854156,3854003,1264,117,123,136,208,5873494,3694098,94,180,2513,289,423,0,136,0,878,7127909,3861,0,778,8,1,4,152,1,4,156,8,2,1,10
600.128,1624982249473,50.011966823,1,0,0,5,10,4,5,134,2,0,0,0,0,71,5788613,0,28,0,63,15043,2373811,53050,0,1,231001,180904,47895,47796,9412,1300,9389,630,177,1051,1051,939,18083,6440,21344569,2046,128,1291,251,3837221,3837065,1281,118,127,130,212,5788227,3674368,94,183,2565,292,429,0,139,0,891,7093102,3877,0,772,8,1,4,150,1,4,154,8,2,1,10
650.14,1624982306588,50.011726672,1,0,0,5,10,4,5,136,2,0,0,0,0,45,5934212,0,26,0,63,14504,2519249,53051,0,1,228111,178844,50989,51423,9908,1567,9912,1071,176,1151,1151,973,19016,6804,22160341,2246,131,1277,249,3834339,3834191,1387,117,130,143,219,5933963,3669968,97,188,2764,284,431,0,143,0,930,7234741,4171,0,914,8,1,4,160,1,4,164,8,2,1,10
700.15,1624982363571,50.010426428,1,0,0,5,10,4,5,144,2,0,0,0,0,74,5653462,0,36,0,63,8546,2224286,52511,0,1,231566,181603,53767,54254,10434,1783,10451,1008,177,1132,1132,1046,20603,7210,20678214,2146,139,1288,251,3853896,3853726,1335,118,138,153,230,5652584,3684821,99,196,2668,288,485,11,153,2,994,6815402,4030,0,866,8,1,4,166,1,4,170,8,2,1,10
750.161,1624982421032,50.011415321,1,0,0,5,10,4,5,136,2,0,0,0,0,89,5918082,0,26,0,63,8808,2480082,53255,0,1,227562,178367,52823,53219,10175,1324,10173,630,189,1042,1042,930,20155,6969,21947548,2020,135,1270,249,3856582,3856415,1276,118,134,150,225,5917790,3690973,100,194,2554,286,450,0,150,0,884,7283922,3975,0,785,8,1,4,171,1,4,175,8,2,1,10
800.172,1624982477411,50.011157018,1,0,0,5,10,4,5,128,2,0,0,0,0,66,5750131,0,26,0,63,8820,2337695,52337,0,1,229568,179849,48906,49409,9470,1614,9466,945,183,1052,1052,941,18630,6489,21275977,2040,126,1283,250,3829051,3828891,1282,119,125,139,212,5749792,3665449,95,182,2556,291,428,0,138,0,893,6993068,3884,0,776,8,1,4,151,1,4,155,8,2,1,10
850.183,1624982534347,50.010640800,1,0,0,5,10,4,5,128,2,0,0,0,0,58,5860080,0,28,0,66,12050,2474007,52873,0,1,228945,179286,47436,47883,9296,1545,9292,945,170,1044,1044,944,17849,6352,21738864,2031,124,1281,251,3802232,3802080,1268,118,123,136,208,5859230,3641073,94,180,2543,291,429,0,136,0,897,7205770,3865,0,768,8,1,4,154,1,4,158,8,2,1,10
900.194,1624982591455,50.010573021,1,0,0,5,10,4,5,128,2,0,0,0,0,71,5733359,0,28,0,63,10364,2386283,52727,0,1,228119,178611,47411,47569,9276,1293,9297,630,159,1035,1035,935,17854,6364,21310408,2014,124,1283,251,3762953,3762797,1257,118,123,135,208,5732448,3602036,95,181,2537,289,448,0,136,0,889,6968075,3832,0,766,8,1,4,150,1,4,154,8,2,1,10
950.204,1624982648394,50.010446027,1,0,0,5,10,4,5,154,2,0,0,0,0,53,5743285,0,36,0,62,18630,2357901,52333,0,1,228560,179112,49638,50085,9928,1694,9977,1260,58,1087,1087,981,18991,6840,21311849,2064,137,1277,253,3802785,3802621,1225,118,136,149,222,5742408,3639800,94,192,2475,295,377,11,148,2,926,6932371,3775,0,734,8,1,4,152,1,4,156,8,2,1,10
1000.22,1624982705605,50.012127414,1,0,0,5,10,4,5,128,2,0,0,0,0,69,5896910,0,26,0,61,7552,2501303,52644,0,1,228603,179183,48653,49103,9431,1167,9444,756,58,1041,1041,939,18631,6493,22026371,2018,126,1277,249,3812290,3812128,1202,118,125,141,212,5896521,3649967,94,181,2410,281,342,0,139,0,896,7275626,3692,0,700,8,1,4,155,1,4,159,8,2,1,10
1050.23,1624982762474,50.012401624,1,0,0,5,10,4,5,132,2,0,0,0,0,71,5864949,0,26,0,63,12072,2481572,53183,0,1,229546,179810,48988,49501,9500,1364,9519,945,191,1045,1044,934,18715,6515,21865298,2023,127,1283,249,3802843,3802690,1277,118,126,142,213,5864854,3639505,95,183,2544,284,434,0,138,0,887,7219396,3920,0,764,8,1,4,161,1,4,165,8,2,1,10
1100.24,1624982819924,50.011114432,1,0,0,5,10,4,5,128,2,0,0,0,0,77,5813352,0,33,0,64,7710,2449472,53673,0,1,229557,179853,48753,49190,9461,1490,9465,882,184,1047,1047,948,18604,6487,21685672,2029,126,1284,249,3781387,3781227,1280,118,125,139,212,5812227,3618134,95,182,2547,282,420,0,140,0,898,7151061,3836,0,761,8,1,4,154,1,4,158,8,2,1,10
1150.25,1624982877014,50.011731874,1,0,0,5,10,4,5,128,2,0,0,0,0,71,5774328,0,36,0,63,8389,2424282,53099,0,1,227909,178586,49073,49458,9491,1868,9494,1323,168,1045,1045,949,18600,6476,21504285,2026,126,1275,251,3767785,3767631,1266,117,125,138,212,5773996,3605149,95,182,2537,291,418,0,138,0,893,7077562,3792,0,739,8,1,4,155,1,4,159,8,2,1,10
1200.26,1624982934156,50.011294896,1,0,0,5,10,4,5,128,2,0,0,0,0,82,5956037,0,26,0,62,8737,2602462,54208,0,1,227734,178361,47462,47882,9299,1921,9319,1386,201,1037,1037,928,17861,6358,22336388,2018,124,1281,251,3768879,3768723,1287,117,123,135,208,5955157,3608270,94,180,2540,289,424,0,135,0,885,7415442,3827,0,755,8,1,4,158,1,4,162,8,2,1,10
1250.27,1624982991618,50.012108748,1,0,0,5,10,4,5,136,2,0,0,0,0,80,5797098,0,25,0,63,14466,2463111,53072,0,1,226244,177181,47976,48437,9467,1426,9475,630,172,1029,1029,922,18118,6455,21542468,2004,128,1268,251,3747241,3747079,1259,116,127,141,212,5796768,3587214,94,184,2518,289,427,0,140,0,880,7156118,3856,0,780,8,1,4,151,1,4,155,8,2,1,10
1300.28,1624983048072,50.012147609,1,0,0,5,10,4,5,128,2,0,0,0,0,81,5738027,0,26,0,70,12159,2400118,53915,0,1,228774,179144,47454,47937,10759,2993,10781,2457,193,1036,1036,931,17917,7845,21255270,2015,124,1282,251,3754643,3754497,1278,118,123,136,208,5737597,3593881,94,180,2531,285,418,0,136,0,888,7044668,3855,0,787,8,1,4,155,1,4,159,8,2,1,10
1350.29,1624983105251,50.011927253,1,0,0,5,10,4,5,128,2,0,0,0,0,78,5832987,0,27,0,63,17031,2519908,53657,0,1,229330,179664,48754,49156,9441,1678,9437,1134,154,1047,1047,943,18643,6480,21896746,2030,126,1282,249,3735100,3734952,1264,118,125,140,212,5832784,3571988,95,182,2529,282,422,0,139,0,899,7226988,3844,0,768,8,1,4,153,1,4,157,8,2,1,10
1400.3,1624983162308,50.011875337,1,0,0,5,10,4,5,136,2,0,0,0,0,80,5805918,0,28,0,63,10680,2492433,52653,0,1,223946,175471,49134,49529,9599,1305,9613,882,183,1022,1022,922,18849,6574,21695552,1980,129,1256,249,3727092,3726937,1252,119,129,142,216,5805527,3566456,95,186,2490,284,421,0,142,0,875,7086117,3896,0,779,8,1,4,147,1,4,151,8,2,1,10
1450.31,1624983219164,50.012035566,1,0,0,5,10,4,5,136,2,0,0,0,0,80,5683438,0,28,0,63,13193,2376733,53527,0,1,228102,178792,49053,49455,9606,1111,9603,567,58,1039,1039,933,18859,6571,21116965,2014,130,1279,249,3725542,3725385,1204,118,129,142,216,5683112,3562759,94,185,2409,281,344,0,142,0,889,6958840,3700,0,730,8,1,4,152,1,4,156,8,2,1,10
1500.32,1624983276227,50.012096670,1,0,0,5,10,4,5,130,2,0,0,0,0,69,5601262,0,32,0,63,10812,2311242,53560,0,1,227210,178108,48477,48847,9486,1542,9497,1008,58,1080,1080,975,18328,6548,20709978,2044,125,1271,253,3706481,3706337,1215,118,124,136,211,5600969,3544612,94,180,2445,294,374,11,136,2,923,6791066,3703,0,734,8,1,4,153,1,4,157,8,2,1,10
1550.33,1624983333085,50.012147872,1,0,0,5,10,4,5,136,2,0,0,0,0,85,5636213,0,28,0,63,7897,2301525,53017,0,1,228989,179339,47917,48320,9450,1678,9455,945,110,1042,1042,930,18137,6455,20853773,2028,127,1282,251,3753026,3752873,1237,118,127,139,212,5635881,3591556,93,183,2503,289,407,0,140,0,886,6935808,3775,0,755,8,1,4,153,1,4,157,8,2,1,10
1600.34,1624983390625,50.012164752,1,0,0,5,10,4,5,165,2,0,0,0,0,73,5548963,0,27,1,63,23294,2252032,52306,0,1,227619,178273,49959,50360,9870,1257,9896,882,184,1035,1036,935,18934,6740,20371343,2014,136,1275,251,3716257,3716093,1277,117,135,148,223,5548565,3553839,96,193,2548,293,433,0,148,0,888,6752716,3856,0,792,8,1,4,146,1,4,150,8,2,1,10
1650.35,1624983447464,50.011710657,1,0,0,5,10,4,5,152,2,0,0,0,0,85,5711259,0,28,1,65,17713,2377136,53061,0,1,228174,178690,48871,49164,9741,1630,9746,1071,176,1037,1037,930,18613,6637,21179849,2018,137,1277,250,3752442,3752273,1270,119,135,143,220,5710878,3590219,94,192,2541,286,428,0,147,0,884,7064320,3828,0,808,8,1,4,154,1,4,158,8,2,1,10
1700.36,1624983504368,50.012586707,1,0,0,5,10,4,5,128,2,0,0,0,0,85,5751749,0,26,1,63,10120,2430888,53218,0,1,226383,177381,48738,49203,9445,1361,9439,819,179,1030,1030,928,18606,6467,21448162,1996,125,1273,249,3736477,3736318,1260,118,125,138,212,5751358,3575011,95,182,2505,284,421,0,138,0,881,7033053,3886,0,780,6,1,4,157,1,4,161,2,2,1,6
1750.37,1624983561228,50.012072768,1,0,0,5,10,4,5,136,2,0,0,0,0,90,5612256,0,34,1,61,22456,2276606,53082,0,1,229424,179709,47919,48349,9434,1236,9414,567,189,1090,1090,977,18369,6504,20562418,2062,127,1283,251,3755839,3755691,1301,119,126,139,209,5611885,3593013,92,182,2579,285,447,11,139,2,927,6829368,3884,0,782,6,1,4,148,1,4,152,2,2,1,6
1800.38,1624983617989,50.012382736,1,0,0,5,10,4,5,128,2,0,0,0,0,86,5643736,0,26,1,61,22372,2332998,52547,0,1,224309,175773,48853,49282,9473,1047,9489,504,189,1029,1029,929,18613,6480,20837029,1994,126,1257,250,3724322,3724165,1263,118,125,139,212,5643417,3563963,95,182,2509,287,425,0,139,0,884,6834592,3853,0,785,6,1,4,148,1,4,152,2,2,1,6
1850.39,1624983675483,50.012173749,1,0,0,5,10,4,5,144,2,0,0,0,0,83,5591149,0,28,1,63,10385,2263245,51114,0,1,226576,177468,48516,48783,9601,1434,9594,756,160,1032,1032,929,18370,6558,20633420,2008,132,1269,251,3741243,3741090,1257,118,131,139,216,5590659,3580561,94,188,2519,289,422,0,144,0,885,6899396,3749,0,761,6,1,4,153,1,4,157,2,2,1,6
1900.4,1624983732397,50.012337368,1,0,0,5,10,4,5,136,2,0,0,0,0,62,5603686,0,26,1,64,11218,2303466,52797,0,1,229589,179805,48079,48505,9425,1490,9417,819,177,1049,1049,946,18127,6446,20784925,2042,128,1287,251,3720335,3720183,1279,118,127,140,211,5603318,3558248,94,184,2560,293,429,0,140,0,898,6889817,3858,0,769,6,1,4,150,1,4,154,2,2,1,6
1950.41,1624983790303,50.012185832,1,0,0,5,10,4,5,128,2,0,0,0,0,84,5571036,0,26,1,64,10210,2258196,52116,0,1,225390,176539,47480,47957,9291,1102,9303,504,185,1029,1029,926,17902,6364,20525116,2002,124,1269,251,3727145,3726986,1267,118,123,135,208,5570727,3567735,94,180,2515,291,422,0,135,0,880,6731019,3857,0,771,6,1,4,152,1,4,156,2,2,1,6
2000.43,1624983847786,50.021629682,1,0,0,5,10,4,5,136,2,0,0,0,0,85,5661116,0,32,1,65,21922,2353423,52449,0,1,224658,176053,48411,48852,9612,1675,9608,819,58,1063,1063,953,18538,6632,20930979,2015,129,1258,252,3726301,3726144,1201,118,128,141,214,5660711,3566369,94,184,2415,287,370,11,140,2,906,6897880,3672,0,738,6,1,4,155,1,4,159,2,2,1,6
2050.44,1624983904600,50.011693501,1,0,0,5,10,4,5,136,2,0,0,0,0,71,5775921,0,34,1,67,16373,2451013,53578,0,1,226923,177878,49145,49639,9573,1742,9574,1071,58,1036,1036,949,18880,6570,21408467,2008,130,1268,249,3741141,3740985,1197,118,129,143,216,5775513,3579184,94,185,2432,284,359,0,142,0,891,7127410,3689,0,705,6,1,4,153,1,4,157,2,2,1,6
2100.45,1624983962099,50.013073583,1,0,0,5,10,4,5,136,2,0,0,0,0,57,5818169,0,29,1,61,15326,2510199,52926,0,1,228621,179115,49261,49652,9629,1309,9633,819,176,1036,1036,938,18889,6573,21728042,2008,130,1279,249,3725797,3725630,1265,118,129,143,216,5817770,3562629,95,186,2516,288,419,0,144,0,889,7180618,3839,0,765,8,1,4,156,1,4,160,8,2,1,10
2150.46,1624984019362,50.012678205,1,0,0,5,10,4,5,136,2,0,0,0,0,51,5792577,0,27,1,63,8744,2502046,53099,0,1,227175,177967,49378,49760,9581,1624,9607,1260,166,1027,1028,932,18870,6585,21665870,1990,129,1272,250,3708076,3707916,1249,118,129,144,216,5792233,3545316,96,187,2513,287,441,0,144,0,885,7141144,3880,0,762,8,1,4,158,1,4,162,8,2,1,10
2200.47,1624984076436,50.011511530,1,0,0,5,10,4,5,136,2,0,0,0,0,56,5556108,0,39,1,68,20221,2280065,51685,0,1,228769,179164,47682,47694,9352,1928,9354,1575,178,1035,1035,940,17914,6393,20451584,2014,127,1281,251,3693096,3692939,1268,118,126,134,209,5555136,3531637,93,183,2543,287,425,0,138,0,884,6860672,3819,0,754,8,1,4,152,1,4,156,8,2,1,10
2250.48,1624984132828,50.012721987,1,0,0,5,10,4,5,136,2,0,0,0,0,77,5793311,0,25,1,65,14020,2492232,53995,0,1,227627,178251,48147,48579,9457,1741,9452,1197,207,1031,1031,930,18161,6454,21703391,2006,127,1281,251,3716969,3716809,1281,117,127,139,212,5792988,3555877,94,184,2540,290,436,0,139,0,886,7210637,3865,0,774,7,1,4,158,1,4,162,7,2,1,9
2300.49,1624984189519,50.012273650,1,0,0,5,10,4,5,136,2,0,0,0,0,77,5539484,0,34,1,66,9235,2223631,52604,0,1,228777,179172,48575,48986,9647,1746,9667,1197,134,1080,1080,971,18519,6636,20323409,2050,128,1281,252,3732128,3731976,1256,116,128,140,214,5539166,3570127,95,185,2555,289,452,11,140,2,922,6749011,3800,0,757,8,1,4,157,1,4,161,8,2,1,10
2350.5,1624984246408,50.012341092,1,0,0,5,10,4,5,128,2,0,0,0,0,65,5698464,0,27,1,62,9725,2398874,53397,0,1,227430,178183,48715,49032,9445,1867,9449,1197,173,1035,1035,940,18643,6484,21217465,2006,126,1274,249,3716402,3716251,1257,118,125,140,212,5698148,3554394,95,182,2518,284,433,0,138,0,893,6979485,3849,0,769,8,1,4,154,1,4,158,8,2,1,10
2400.51,1624984303548,50.011822810,1,0,0,5,10,4,5,136,2,0,0,0,0,83,5595325,0,28,1,59,10048,2272960,53203,0,1,226671,177579,49209,49612,9608,1624,9590,945,162,1032,1032,926,18858,6592,20572596,1999,129,1269,249,3739604,3739446,1249,119,129,143,216,5594912,3577216,95,186,2504,282,420,0,145,0,882,6769240,3843,0,786,8,1,4,154,1,4,158,8,2,1,10
2450.52,1624984360646,50.012169632,1,0,0,5,10,4,5,144,2,0,0,0,0,51,5828829,0,28,1,62,25836,2511636,53521,0,1,227102,177935,49869,50288,9766,1630,9767,945,191,1031,1031,930,19123,6666,21806796,1997,134,1270,250,3736730,3736571,1265,118,133,146,220,5828480,3573741,95,190,2521,286,430,0,146,0,886,7160185,3898,0,804,7,1,4,155,1,4,159,7,2,1,9
2500.53,1624984417837,50.012239998,1,0,0,6,14,6,8,138,2,0,0,0,0,76,5741626,0,27,0,71,16966,2454125,53553,5,2,226485,177261,49899,51067,9667,1496,10145,1386,188,1035,1035,938,19061,6641,21467431,2004,130,1270,250,3707872,3707717,1270,120,129,144,220,5741248,3545017,100,194,2584,290,507,4,143,1,890,6756606,3877,0,845,7,2,5,182,7,6,188,7,3,2,9
2550.54,1624984475397,50.012419895,1,0,0,5,10,4,5,136,2,0,0,0,0,80,5686295,0,31,0,64,23114,2404297,53107,0,1,225425,176658,48525,48907,9619,1360,9653,945,58,1069,1069,960,18535,6629,21013322,2028,129,1263,253,3700289,3700135,1211,118,128,140,214,5685924,3540124,94,184,2433,294,375,11,140,2,910,6885046,3709,0,737,8,1,4,156,1,4,160,8,2,1,10
2600.55,1624984532272,50.011167770,1,0,0,5,10,4,5,136,2,0,0,0,0,92,5472965,0,27,0,64,18280,2181662,52034,0,1,228503,179036,47790,48240,9444,1482,9453,882,58,1038,1038,936,18093,6447,19958799,2020,128,1278,251,3711631,3711471,1203,118,127,139,212,5471708,3550572,93,183,2421,289,348,0,139,0,891,6550477,3638,0,736,8,1,4,161,1,4,165,8,2,1,10
2650.56,1624984589037,50.011111842,1,0,0,5,10,4,5,136,2,0,0,0,0,98,5686772,0,115,0,62,17695,2358681,53743,0,1,229871,180102,48027,48170,9431,1565,9459,945,190,1040,1040,1094,18091,6457,21045212,2024,128,1287,250,3746174,3746002,1275,118,127,139,212,5685383,3584048,94,184,2575,432,438,0,139,0,887,6850138,3794,0,795,8,1,4,153,1,4,157,8,2,1,10
2700.57,1624984645749,50.012175756,1,0,0,5,10,4,5,144,2,0,0,0,0,55,5834954,0,41,0,61,6719,2500453,55285,0,1,227092,177941,49803,50206,9743,1568,9714,945,166,1034,1034,955,19124,6672,21809551,2004,133,1271,249,3751906,3751746,1259,119,133,147,220,5834656,3588945,95,190,2531,290,428,0,147,0,890,7182986,3855,0,791,8,1,4,162,1,4,166,8,2,1,10
2750.58,1624984702789,50.012625402,1,0,0,5,10,4,5,136,2,0,0,0,0,98,5582401,0,37,0,61,8019,2274337,53372,0,1,228960,179370,49258,49842,9600,1623,9610,1008,184,1043,1043,948,18882,6576,20575677,2022,129,1285,249,3727768,3727609,1276,118,129,145,216,5582081,3564372,95,186,2549,289,428,0,143,0,890,6714519,3840,0,793,8,1,4,158,1,4,162,8,2,1,10
2800.59,1624984759806,50.012514010,1,0,0,5,10,4,5,138,2,0,0,0,0,79,5711454,0,50,0,62,16973,2411374,53533,0,1,228929,179380,50073,50521,9821,1691,9814,1008,195,1091,1091,995,19234,6752,21300093,2064,131,1280,252,3721775,3721622,1302,118,130,144,218,5711097,3557740,96,187,2609,291,457,11,143,2,928,6865375,3924,0,802,8,1,4,145,1,4,149,8,2,1,10
2850.6,1624984816736,50.012210018,1,0,0,5,10,4,5,136,2,0,0,0,0,95,5552371,0,41,0,65,17436,2269523,52387,0,1,226443,177340,47844,48263,9447,1176,9458,882,178,1031,1031,948,18127,6459,20424723,2006,127,1270,251,3698383,3698230,1263,120,127,140,212,5552028,3538569,94,184,2529,297,423,0,139,0,884,6582467,3811,0,764,8,1,4,154,1,4,158,8,2,1,10
2900.61,1624984873580,50.011606497,1,0,0,5,11,4,6,128,2,0,0,0,0,59,5643920,0,36,0,67,12419,2338107,52650,0,1,225845,176872,47401,47486,10757,2554,10783,1890,174,1026,1026,933,17921,7855,20880087,1996,125,1267,252,3717973,3717824,1261,119,123,136,208,5643223,3558260,94,180,2519,291,422,0,137,0,877,6865312,3765,0,761,8,1,4,156,1,4,160,8,2,1,10
2950.62,1624984930787,50.011963077,1,0,0,5,10,4,5,128,2,0,0,0,0,61,5909115,0,41,0,63,10044,2588626,54810,0,1,224830,176078,47203,47635,9274,1418,9277,756,187,1017,1017,933,17897,6362,22297130,1978,124,1263,250,3731556,3731410,1255,117,123,136,208,5908812,3573035,94,180,2500,291,416,0,136,0,872,7312855,3825,0,768,8,1,4,154,1,4,158,8,2,1,10
3000.63,1624984987705,50.013155856,1,0,0,5,10,4,5,128,2,0,0,0,0,81,5566336,0,45,0,61,8493,2249229,53104,0,1,226024,177010,47289,47682,9282,1104,9277,567,190,1022,1022,937,17925,6365,20359874,1988,123,1274,250,3728231,3728070,1263,118,123,135,208,5565962,3568741,94,180,2521,285,416,0,135,0,875,6634343,3817,0,754,8,1,4,149,1,4,153,8,2,1,10
3050.64,1624985044760,50.012217185,1,0,0,5,10,4,5,128,2,0,0,0,0,76,5877575,0,37,0,62,21705,2547457,52791,0,1,227818,178565,48438,48913,9437,1734,9452,1134,58,1035,1035,943,18651,6495,22046382,2006,125,1274,249,3750773,3750624,1196,118,125,138,212,5877228,3588963,94,181,2409,282,341,0,138,0,888,6954336,3655,0,696,8,1,4,151,1,4,155,8,2,1,10
3100.65,1624985101735,50.011948825,1,0,0,5,10,4,5,130,2,0,0,0,0,85,5724221,0,34,0,65,13138,2443438,53439,0,1,225711,176957,49345,49750,9618,1613,9652,1197,58,1075,1075,972,19022,6652,21203497,2031,127,1262,252,3698803,3698650,1209,118,126,139,214,5723879,3537331,95,182,2432,289,372,11,139,2,922,6788796,3733,0,726,8,1,4,157,1,4,161,8,2,1,10
3150.66,1624985158675,50.012707601,1,0,0,5,10,4,5,128,2,0,0,0,0,104,5739650,0,39,0,64,14891,2431165,53461,0,1,228589,179072,48838,49142,9450,1050,9451,630,183,1040,1040,952,18629,6488,21391467,2016,126,1279,250,3727194,3727043,1270,118,125,139,212,5739206,3564598,96,183,2557,288,445,0,139,0,893,6966555,3868,0,767,8,1,4,156,1,4,160,8,2,1,10
3200.67,1624985215594,50.012428308,1,0,0,5,10,4,5,136,2,0,0,0,0,68,5767922,0,55,0,64,10186,2466176,53404,0,1,228002,178573,47966,48357,9428,1240,9432,567,172,1035,1035,976,18130,6473,21532202,2012,128,1278,251,3717391,3717238,1263,118,127,140,212,5767462,3556333,94,184,2530,324,422,0,140,0,887,6965420,3903,0,777,8,1,4,153,1,4,157,8,2,1,10
3250.68,1624985272392,50.012283653,1,0,0,5,10,4,5,136,2,0,0,0,0,54,5633908,0,46,0,63,6462,2331890,53436,0,1,228274,178756,47894,48302,9417,1049,9437,693,184,1035,1035,950,18138,6469,20908551,2014,128,1279,250,3719056,3718906,1272,118,127,139,212,5633559,3557883,94,184,2566,287,440,0,139,0,884,6778082,3897,0,777,8,1,4,151,1,4,155,8,2,1,10
3300.69,1624985329921,50.012139987,1,0,0,5,10,4,5,128,2,0,0,0,0,62,5753968,0,40,0,62,5151,2460990,53398,0,1,227826,178405,47326,47768,9279,1607,9270,1008,172,1029,1029,939,17916,6374,21547304,2002,124,1282,250,3708564,3708417,1258,118,123,135,208,5753624,3548148,94,180,2522,285,418,0,135,0,882,6853243,3855,0,777,8,1,4,147,1,4,151,8,2,1,10
3350.7,1624985387006,50.011675387,1,0,0,5,10,4,5,138,2,0,0,0,0,76,5515710,0,48,0,62,9860,2195915,53286,0,1,227911,178586,49916,50380,9788,1125,9788,378,189,1085,1085,991,19267,6766,20227795,2052,131,1275,251,3734804,3734645,1292,118,130,145,218,5515274,3571383,96,187,2579,288,444,11,144,2,925,6646472,3984,0,787,8,1,4,142,1,4,146,8,2,1,10
3400.71,1624985443951,50.012390063,1,0,0,5,10,4,5,136,2,0,0,0,0,78,5523685,0,43,0,60,6355,2149705,53444,0,1,229198,179568,49219,49628,9595,1561,9585,756,178,1046,1046,947,18884,6590,20149207,2028,129,1282,249,3792559,3792394,1275,118,129,142,216,5523330,3628921,95,186,2551,282,420,0,143,0,888,6461356,3928,0,777,8,1,4,152,1,4,156,8,2,1,10
3450.72,1624985501429,50.011431106,1,0,0,5,10,4,5,136,2,0,0,0,0,40,5777368,0,26,0,61,4161,2468635,53317,0,1,228499,179021,49242,49573,9548,1181,9564,630,197,1037,1037,940,18877,6585,21632299,2010,129,1279,250,3725495,3725330,1275,118,129,139,216,5776414,3562174,95,186,2535,288,431,0,142,0,893,6796191,3916,0,795,8,1,4,158,1,4,162,8,2,1,10
3500.73,1624985558041,50.012181234,1,0,0,5,10,4,5,144,2,0,0,0,0,84,5585194,0,42,0,61,6343,2253719,53360,0,1,229463,179784,49803,50229,9781,1380,9776,945,174,1050,1050,953,19082,6673,20504282,2036,134,1282,250,3749315,3749157,1275,118,133,146,220,5585031,3585358,95,190,2559,287,425,0,146,0,893,6615667,3897,0,788,8,1,4,159,1,4,163,8,2,1,10
3550.74,1624985615049,50.013783912,1,0,0,5,10,4,5,128,2,0,0,0,0,73,5727372,0,36,0,66,8082,2402764,53307,0,1,228327,178802,47589,48002,9324,1230,9319,756,166,1038,1038,937,17906,6369,21219214,2020,124,1284,251,3739782,3739624,1263,119,123,135,208,5727111,3579008,94,180,2537,289,424,0,136,0,884,6728629,3924,0,779,8,1,4,152,1,4,156,8,2,1,10
3600.75,1624985671911,50.012213422,1,0,0,5,10,4,5,138,2,0,0,0,0,65,5657385,0,41,0,65,10436,2366564,52237,0,1,226948,177785,46322,46761,9255,1285,9247,756,58,1076,1076,976,17652,6385,20990149,2042,125,1273,252,3706619,3706461,1215,118,124,136,205,5657014,3547326,90,179,2447,287,365,11,135,2,921,6824761,3764,0,735,7,1,4,150,1,4,154,7,2,1,9
3650.76,1624985729404,50.012099803,1,0,0,5,10,4,5,128,2,0,0,0,0,53,5765134,0,39,0,62,7565,2443079,53334,0,1,228260,178819,47146,47664,9279,1475,9270,693,58,1031,1031,944,17870,6370,21518716,2006,124,1279,250,3737270,3737125,1196,118,123,136,207,5764771,3577113,93,179,2414,284,342,0,135,0,888,6975547,3721,0,727,8,1,4,153,1,4,157,8,2,1,10
3700.77,1624985786163,50.012152901,1,0,0,5,10,4,5,136,2,0,0,0,0,60,5811743,0,40,0,62,3592,2501432,53862,0,1,228096,178713,49181,49631,9610,2000,9622,1323,212,1037,1037,942,18889,6583,21789179,2010,130,1278,249,3727829,3727675,1284,118,129,142,216,5811393,3565046,95,186,2544,284,420,0,142,0,883,6870458,3970,0,806,8,1,4,159,1,4,163,8,2,1,10
3750.78,1624985843272,50.011997197,1,0,0,5,10,4,5,128,2,0,0,0,0,84,5780173,0,42,0,63,12387,2466128,54720,0,1,228959,179362,47621,48506,9190,1730,9275,1197,190,1042,1042,952,17950,6254,21652372,2020,123,1282,250,3730911,3730758,1279,118,122,139,208,5779790,3569016,93,180,2552,286,425,0,135,0,894,7057273,3989,0,791,8,1,4,153,1,4,157,8,2,1,10
3800.79,1624985900091,50.011988785,1,0,0,5,10,4,5,136,2,0,0,0,0,80,5611639,0,28,0,65,7859,2327698,52637,0,1,225341,176564,49246,49677,9607,1306,9587,756,190,1032,1032,937,18887,6582,20791653,2000,130,1267,250,3696184,3696031,1269,118,129,142,216,5611209,3534933,95,186,2521,290,425,0,142,0,887,6878923,3919,0,805,8,1,4,157,1,4,161,8,2,1,10
3850.8,1624985957219,50.012265995,1,0,0,5,10,4,5,136,2,0,0,0,0,64,5894732,0,43,0,63,14510,2574410,54695,0,1,226221,177170,47972,48430,9440,1364,9458,693,177,1027,1027,942,18121,6455,22231715,1998,128,1268,251,3732550,3732396,1257,118,127,140,212,5894363,3572733,94,184,2531,289,427,0,140,0,882,7109719,3970,0,773,8,1,4,153,1,4,157,8,2,1,10
3900.81,1624986013977,50.011862375,1,0,0,5,10,4,5,138,2,0,0,0,0,71,5779478,0,43,0,64,4269,2499374,54632,0,1,228110,178654,48531,48977,9634,1305,9638,756,189,1078,1078,980,18513,6642,21644537,2044,129,1279,252,3697886,3697737,1289,118,128,140,214,5779174,3536503,95,185,2579,291,449,11,140,2,918,7020173,3918,0,758,8,1,4,151,1,4,155,8,2,1,10
3950.83,1624986070707,50.015495561,1,0,0,5,10,4,5,136,2,0,0,0,0,87,5679794,0,29,0,62,18476,2382871,52976,0,1,226910,177692,47759,48146,9423,1615,9433,1071,167,1032,1032,924,18145,6456,20983500,2008,128,1273,250,3714217,3714056,1254,118,127,140,212,5679390,3553727,94,184,2517,285,424,0,140,0,878,6827786,3815,0,752,7,1,4,156,1,4,160,7,2,1,9
4000.84,1624986127822,50.013328198,1,0,0,5,10,4,5,136,2,0,0,0,0,54,5710277,0,40,0,63,5832,2365650,53526,0,1,228284,178781,48796,49242,9558,1751,9568,1386,161,1034,1034,941,18810,6577,21002550,2008,130,1278,250,3759952,3759784,1256,118,129,143,215,5709804,3598093,95,186,2532,287,425,0,143,0,880,6790338,3841,0,762,7,1,4,157,1,4,161,7,2,1,9
4050.85,1624986184829,50.012544213,1,0,0,5,10,4,5,136,2,0,0,0,0,61,5721598,0,39,0,61,13458,2414129,53132,0,1,225780,176908,49203,49610,9599,1624,9592,1134,179,1027,1027,945,18887,6584,21365420,1992,129,1265,249,3719071,3718907,1254,118,129,142,216,5721282,3557443,95,186,2513,289,428,0,143,0,884,6885325,3837,0,764,7,1,4,152,1,4,156,7,2,1,9
4100.86,1624986241723,50.012479705,1,0,0,5,10,4,5,136,2,0,0,0,0,90,5687462,0,40,0,60,11138,2380884,53612,0,1,224325,175865,49139,49549,9605,1490,9622,882,58,1025,1025,943,18891,6582,21069644,1986,130,1257,250,3720366,3720213,1186,118,129,143,216,5687169,3559787,94,185,2399,285,349,0,142,0,884,6745531,3717,0,734,7,1,4,154,1,4,158,7,2,1,9
4150.88,1624986299242,50.024584108,1,0,0,5,10,4,5,136,2,0,0,0,0,64,5677027,0,31,0,64,3685,2372838,52943,0,1,226030,177192,49830,50711,9783,1242,9829,756,58,1074,1074,957,19319,6758,20916482,2030,132,1264,252,3719158,3719004,1207,117,131,144,218,5676572,3556748,95,186,2433,289,379,11,143,2,909,6687022,3772,0,725,8,1,4,158,1,4,162,8,2,1,10
4200.89,1624986355996,50.012200844,1,0,0,5,10,4,5,136,2,0,0,0,0,83,5676960,0,39,0,65,14210,2342788,52989,0,1,226944,177725,48087,48485,9459,1427,9458,819,202,1032,1032,940,18143,6472,20854682,2008,128,1273,251,3747954,3747800,1280,120,127,140,212,5676484,3587426,94,184,2556,289,437,0,140,0,884,6677325,3872,0,784,8,1,4,156,1,4,160,8,2,1,10
4250.9,1624986413184,50.012139304,1,0,0,5,10,4,5,136,2,0,0,0,0,53,5602083,0,41,0,62,5267,2253358,53348,0,1,227599,178228,47882,48304,9391,1304,9400,756,184,1031,1031,944,18138,6434,20486156,2006,128,1275,250,3757274,3757117,1271,120,127,140,212,5601737,3596322,94,184,2547,287,434,0,141,0,884,6650799,3897,0,781,8,1,4,150,1,4,154,8,2,1,10
4300.91,1624986469875,50.012028596,1,0,0,5,10,4,5,136,2,0,0,0,0,61,5630103,0,36,0,60,5676,2303118,52894,0,1,228731,179109,47847,48287,9437,1805,9424,1323,171,1035,1035,934,18139,6464,20814137,2014,128,1281,250,3741834,3741681,1265,119,127,140,212,5629805,3580340,94,184,2536,284,425,0,140,0,882,6691940,3877,0,758,8,1,4,155,1,4,159,8,2,1,10
4350.92,1624986526865,50.011938877,1,0,0,5,10,4,5,136,2,0,0,0,0,75,5594553,0,52,0,62,16082,2265367,52776,0,1,228635,179125,49256,49726,9572,1499,9585,1071,168,1040,1040,958,18881,6566,20630945,2016,129,1283,249,3747945,3747791,1265,118,129,142,216,5594111,3584673,95,186,2562,283,439,0,142,0,887,6806043,3889,0,782,8,1,4,151,1,4,155,8,2,1,10
4400.93,1624986583626,50.011990669,1,0,0,5,10,4,5,138,2,0,0,0,0,63,5596794,0,42,0,64,21719,2263425,52781,0,1,228058,178709,50061,50455,9820,1628,9822,1071,190,1085,1085,983,19280,6757,20558169,2052,131,1275,252,3750309,3750149,1295,118,130,143,218,5596273,3586515,96,187,2583,289,452,11,143,2,925,6723821,3954,0,799,8,1,4,152,1,4,156,8,2,1,10
4450.94,1624986640734,50.011821211,1,0,0,5,10,4,5,136,2,0,0,0,0,71,5579964,0,48,0,61,5679,2223965,53389,0,1,228483,179028,49348,49799,9573,1120,9604,567,166,1045,1045,963,18859,6571,20484755,2026,130,1277,250,3774157,3774003,1270,118,129,143,216,5579651,3610924,95,186,2556,289,429,0,142,0,896,6676017,3870,0,781,8,1,4,150,1,4,154,8,2,1,10
4500.95,1624986697891,50.011922638,1,0,0,5,10,4,5,136,2,0,0,0,0,65,5696392,0,27,0,64,10550,2357672,53236,0,1,227042,177805,47881,48346,10899,2560,10921,2142,172,1031,1031,927,18195,7939,21085014,2006,128,1273,251,3752682,3752527,1260,117,127,141,211,5696167,3592028,94,184,2518,285,423,0,140,0,884,6742089,3848,0,794,8,1,4,159,1,4,163,8,2,1,10
4550.96,1624986754547,50.012106094,1,0,0,5,10,4,5,136,2,0,0,0,0,69,5613869,0,40,0,62,14868,2241352,53713,0,1,227525,178155,47838,48271,9444,988,9434,567,171,1036,1036,941,18167,6451,20506157,2016,128,1275,250,3783934,3783779,1262,118,127,140,212,5613510,3623309,95,185,2550,286,441,0,142,0,883,6596262,3842,0,772,8,1,4,152,1,4,156,8,2,1,10
4600.97,1624986811095,50.011774031,1,0,0,7,15,6,8,328,3,0,0,0,0,101,5554890,0,40,0,71,7639,2249251,53663,2,2,227197,177987,66245,66439,15329,3886,15341,2961,137,1024,1024,933,34683,11384,20489400,1992,173,1270,256,3730686,3730492,1232,123,172,186,258,5554603,3558084,118,228,2476,288,400,0,186,0,876,6584808,3912,0,803,9,1,5,179,5,5,184,9,2,1,11
4650.98,1624986868201,50.012260299,1,0,0,5,10,4,5,152,2,0,0,0,0,68,5613859,0,32,0,63,9790,2266594,52636,0,1,226601,177546,49512,49862,9873,1757,9888,1134,58,1034,1034,930,19292,6768,20671896,2008,138,1268,250,3760210,3760046,1197,118,137,150,223,5613460,3598934,94,193,2415,285,348,0,150,0,881,6847546,3704,0,744,8,1,4,149,1,4,153,8,2,1,10
4700.99,1624986925712,50.013107347,1,0,0,5,10,4,5,136,2,0,0,0,0,51,5723794,0,43,0,61,13767,2373368,52668,0,1,227416,178280,49211,49692,9601,1301,9585,819,58,1034,1034,947,18907,6581,21240798,2004,130,1271,250,3766289,3766126,1199,118,129,142,216,5723445,3604048,94,185,2420,284,349,0,142,0,888,6755598,3736,0,710,8,1,4,156,1,4,160,8,2,1,10
4751,1624986982501,50.012478045,1,0,0,5,10,4,5,148,2,0,0,0,0,64,5810157,0,35,0,63,5895,2505001,53486,0,1,227114,177971,51175,51620,9980,1833,9987,1071,174,1032,1032,945,19698,6849,21850754,2000,138,1271,250,3722268,3722102,1257,118,137,151,227,5809819,3558511,97,195,2523,288,431,0,152,0,893,6814054,3936,0,776,8,1,4,159,1,4,163,8,2,1,10
4801.01,1624987039684,50.012233585,1,0,0,5,10,4,5,136,2,0,0,0,0,65,5802748,0,40,0,60,12925,2468339,53368,0,1,228469,179007,49372,49849,9605,1813,9594,1134,168,1040,1040,950,18876,6578,21683138,2016,130,1278,250,3751688,3751531,1261,118,129,144,216,5802421,3588297,95,186,2541,287,429,0,143,0,890,6803318,3925,0,762,7,1,4,150,1,4,154,7,2,1,9
4851.02,1624987096567,50.012058084,1,0,0,5,10,4,5,136,2,0,0,0,0,81,5873185,0,28,0,61,19039,2526725,53225,0,1,226274,177198,47991,48429,9429,1239,9442,819,214,1029,1029,928,18141,6470,21967692,2002,128,1274,251,3759261,3759108,1280,118,127,142,212,5872791,3599038,95,185,2546,288,448,0,141,0,884,6973884,3886,0,766,8,1,4,157,1,4,161,8,2,1,10
4901.03,1624987153451,50.011583520,1,0,0,5,10,4,5,136,2,0,0,0,0,49,5879436,0,34,0,60,11533,2556243,52861,0,1,226329,177242,47664,48039,9456,1615,9462,1134,174,1023,1023,928,18110,6469,22072256,1990,127,1271,250,3735564,3735393,1257,118,127,135,212,5878239,3575432,94,184,2521,287,429,0,139,0,874,6986129,3884,0,765,8,1,4,153,1,4,157,8,2,1,10
4951.04,1624987210526,50.012141973,1,0,0,5,10,4,5,136,2,0,0,0,0,71,5780799,0,45,0,61,15817,2486903,53202,0,1,227215,177939,48542,48976,9618,1180,9605,945,166,1074,1074,972,18510,6633,21603185,2037,129,1273,252,3710420,3710265,1276,117,128,140,214,5780426,3548927,95,185,2576,289,464,11,141,2,911,6895069,3833,0,761,8,1,4,148,1,4,152,8,2,1,10
5001.05,1624987267561,50.012654177,1,0,0,5,10,4,5,136,2,0,0,0,0,68,5842508,0,28,0,63,8716,2554924,52914,0,1,228156,178688,47151,47629,9222,1670,9245,1008,166,1037,1037,939,18010,6334,22047502,2010,126,1279,249,3704729,3704575,1258,119,125,139,207,5842133,3543512,91,181,2523,283,426,0,137,0,890,6948063,3887,0,766,8,1,4,145,1,4,149,8,2,1,10
5051.06,1624987324302,50.012564195,1,0,0,5,10,4,5,136,2,0,0,0,0,82,5700104,0,46,0,62,10190,2380345,53378,0,1,226742,177667,49314,49754,9610,1561,9613,1008,197,1035,1035,948,18921,6588,21074063,2006,130,1271,250,3733160,3732994,1273,118,129,143,216,5699665,3570844,95,186,2541,287,425,0,144,0,886,6791964,3939,0,781,8,1,4,158,1,4,162,8,2,1,10
5101.07,1624987381970,50.011929057,1,0,0,5,10,4,5,136,2,0,0,0,0,71,5639120,0,37,0,62,4955,2327759,53578,0,1,229472,179789,49354,49781,9593,1434,9598,945,182,1044,1044,951,18897,6582,20827968,2024,131,1283,250,3729050,3728888,1277,118,129,142,216,5638772,3565415,95,186,2552,287,428,0,142,0,895,6797753,3915,0,778,8,1,4,149,1,4,153,8,2,1,10
5151.08,1624987438812,50.012392527,1,0,0,5,10,4,5,144,2,0,0,0,0,76,5815078,0,28,0,62,17256,2511698,54363,0,1,229478,179868,49680,50137,9727,1625,9727,1008,58,1045,1045,944,19098,6665,21749112,2026,133,1281,250,3723728,3723573,1206,118,133,146,220,5814756,3559627,94,189,2432,285,354,0,147,0,900,6958044,3732,0,726,7,1,4,157,1,4,161,7,2,1,9
5201.09,1624987496325,50.012520199,1,0,0,5,10,4,5,138,2,0,0,0,0,73,5566265,0,31,0,61,14580,2267881,52153,0,1,227712,178419,48390,48841,9602,1361,9619,882,58,1075,1075,965,18522,6630,20446204,2040,129,1274,252,3714444,3714282,1213,118,128,141,213,5565978,3553243,94,184,2439,288,369,11,141,2,917,6539949,3788,0,715,8,1,4,154,1,4,158,8,2,1,10
5251.1,1624987553147,50.011860461,1,0,0,5,10,4,5,136,2,0,0,0,0,58,5765630,0,26,0,64,7020,2455655,52818,0,1,227444,178100,47793,48191,9419,1363,9404,819,167,1030,1030,925,18118,6442,21471501,2004,128,1275,250,3725506,3725355,1256,118,127,139,212,5765229,3564750,94,184,2510,284,421,0,139,0,883,6841754,3862,0,780,8,1,4,153,1,4,157,8,2,1,10
5301.11,1624987609974,50.011719208,1,0,0,5,10,4,5,136,2,0,0,0,0,69,5669630,0,26,0,60,12147,2315935,53165,0,1,224814,176062,47794,48264,9438,1550,9418,945,183,1022,1022,918,18145,6459,20881868,1988,127,1263,250,3763215,3763065,1256,118,127,139,212,5669350,3603673,94,184,2506,285,427,0,139,0,875,6738945,3866,0,782,8,1,4,157,1,4,161,8,2,1,10
5351.12,1624987667333,50.012522430,1,0,0,5,10,4,5,152,2,0,0,0,0,65,5596729,0,28,0,63,3909,2241619,53018,0,1,227154,177996,50375,50939,9936,1327,9933,693,197,1040,1040,940,19392,6768,20520286,2015,138,1270,250,3769648,3769474,1278,118,137,152,224,5596301,3606188,95,194,2538,287,429,0,152,0,894,6647903,3891,0,805,8,1,4,154,1,4,158,8,2,1,10
5401.13,1624987724395,50.011852060,1,0,0,5,10,4,5,136,2,0,0,0,0,79,5496633,0,26,0,61,10920,2152660,51719,0,1,225005,176316,49348,49761,9565,1368,9573,756,190,1029,1029,923,18896,6590,20092143,1994,130,1265,250,3755996,3755838,1270,118,129,142,216,5496346,3594662,95,186,2514,285,427,0,142,0,881,6614434,3861,0,785,8,1,4,157,1,4,161,8,2,1,10
5451.14,1624987781852,50.011790305,1,0,0,5,10,4,5,144,2,0,0,0,0,70,5692770,0,36,0,63,10487,2341059,53105,0,1,229829,180084,50342,50674,9888,1381,9773,819,167,1071,1071,968,19372,6797,21024239,2056,134,1283,252,3771822,3771660,1287,120,133,147,219,5692385,3606956,95,190,2570,296,440,4,147,0,913,6882676,3877,0,799,7,1,4,162,1,4,166,7,2,1,9
5501.15,1624987838648,50.011919043,1,0,0,5,10,4,5,136,2,0,0,0,0,73,5633554,0,26,0,60,6685,2334600,53309,0,1,226698,177514,48036,48401,9422,1552,9423,945,184,1028,1028,927,18221,6450,20904531,1996,128,1271,250,3713061,3712911,1257,118,127,141,213,5633139,3552211,95,185,2521,285,445,0,140,0,885,6690083,3919,0,796,8,1,4,163,1,4,167,8,2,1,10
5551.16,1624987895268,50.012385485,1,0,0,5,10,4,5,136,2,0,0,0,0,74,5790939,0,25,0,60,9401,2453215,53012,0,1,228323,178797,47817,48218,9425,1427,9431,756,200,1029,1029,926,18112,6469,21641995,2002,128,1280,250,3752959,3752807,1272,118,127,139,212,5790492,3591854,94,184,2523,286,424,0,140,0,882,7030672,3893,0,792,8,1,4,149,1,4,153,8,2,1,10
5601.17,1624987951767,50.012382497,1,0,0,5,10,4,5,144,2,0,0,0,0,80,5571307,0,30,0,63,12866,2240012,52073,0,1,225495,176582,48313,48789,9573,1181,9591,693,178,1027,1027,913,18383,6553,20524897,1998,132,1265,250,3744165,3743997,1253,118,131,146,216,5570968,3584361,94,188,2521,285,434,0,144,0,868,6646130,3818,0,788,7,1,4,154,1,4,158,7,2,1,9
5651.18,1624988009006,50.012574404,1,0,0,5,10,4,5,136,2,0,0,0,0,73,5784330,0,27,0,63,11701,2440827,53017,0,1,226536,177403,47751,48208,9437,1488,9433,819,178,1029,1029,925,18184,6458,21540464,2002,128,1276,250,3755405,3755244,1262,118,127,139,212,5783945,3595557,94,184,2513,288,418,0,139,0,876,7136045,3830,0,774,8,1,4,163,1,4,167,8,2,1,10
5701.19,1624988066120,50.012222456,1,0,0,5,10,4,5,136,2,0,0,0,0,61,5777097,0,28,0,60,7531,2453271,52820,0,1,227706,178484,49183,49619,9593,1302,9607,693,58,1035,1035,933,18870,6579,21611945,2006,130,1273,250,3738765,3738601,1196,118,129,143,216,5776764,3576167,94,185,2412,286,354,0,143,0,888,6847767,3732,0,734,8,1,4,154,1,4,158,8,2,1,10
5751.2,1624988123347,50.012443682,1,0,0,5,10,4,5,128,2,0,0,0,0,70,5689585,0,32,0,60,17501,2401182,52176,0,1,227710,178512,49406,49820,9638,1738,9656,1134,56,1080,1080,970,19045,6675,21035703,2042,126,1272,252,3708050,3707894,1210,113,126,139,214,5689221,3545215,95,182,2441,290,373,11,139,2,920,6673936,3743,0,723,8,1,4,159,1,4,163,8,2,1,10
5801.21,1624988181004,50.011767565,1,0,0,5,10,4,5,136,2,0,0,0,0,78,5742994,0,26,0,63,14714,2419775,52495,0,1,228179,178790,49367,49825,9626,1181,9612,441,178,1042,1042,936,18867,6575,21254076,2020,130,1276,250,3741086,3740931,1271,118,129,142,216,5742599,3578003,95,186,2533,285,427,0,142,0,894,6834896,3833,0,768,8,1,4,155,1,4,159,8,2,1,10
5851.22,1624988237759,50.011942482,1,0,0,5,10,4,5,136,2,0,0,0,0,37,5871636,0,37,0,60,3683,2551577,54098,0,1,226976,177760,47940,48368,9437,1175,9446,441,195,1027,1027,932,18126,6464,22071319,1998,127,1275,250,3734545,3734394,1273,118,127,140,212,5871262,3573914,94,184,2530,284,421,0,140,0,879,6886731,3912,0,764,6,1,4,148,1,4,152,2,2,1,6
5901.23,1624988294609,50.012875362,1,0,0,5,10,4,5,136,2,0,0,0,0,67,5862761,0,35,0,65,15991,2539668,52586,0,1,225105,176300,47836,48272,9413,1679,9420,1008,161,1022,1022,926,18146,6464,21922448,1988,128,1267,250,3735634,3735470,1246,118,127,139,212,5862425,3576331,94,184,2503,284,422,0,140,0,875,6982723,3879,0,772,6,1,4,150,1,4,154,2,2,1,6
5951.24,1624988351140,50.011978871,1,0,0,5,10,4,5,128,2,0,0,0,0,79,5708393,0,36,0,65,6508,2389928,52433,0,1,225511,176609,47282,47725,9296,1608,9298,1008,179,1023,1023,932,17882,6370,21196922,1990,124,1266,250,3730844,3730696,1253,118,123,136,208,5707942,3571652,94,180,2505,285,418,0,135,0,878,6822113,3837,0,764,6,1,4,151,1,4,155,2,2,1,6
6001.25,1624988407946,50.011902479,1,0,0,5,10,4,5,130,2,0,0,0,0,51,5669622,0,49,0,63,26442,2339066,53228,0,1,228443,178954,47508,47920,9289,1167,9280,630,183,1088,1088,999,18141,6417,20989895,2058,123,1279,252,3751474,3751328,1291,118,122,135,205,5669271,3589600,92,178,2583,291,446,11,135,2,932,6719596,3929,0,769,6,1,4,148,1,4,152,2,2,1,6
6051.26,1624988464866,50.012313479,1,0,0,5,10,4,5,128,2,0,0,0,0,77,5676345,0,29,0,60,9469,2353289,53380,0,1,229243,179602,48827,49245,9462,1553,9476,1071,207,1047,1047,943,18632,6497,21086732,2029,126,1283,250,3743297,3743147,1299,118,125,138,212,5675995,3580325,95,182,2557,286,422,0,139,0,897,6814533,3851,0,771,6,1,4,147,1,4,151,2,2,1,6
6101.27,1624988521879,50.011623128,1,0,0,5,10,4,5,136,2,0,0,0,0,58,5438206,0,28,0,64,15404,2114502,51740,0,1,229881,180105,49306,49718,9637,1182,9602,567,173,1051,1051,943,18903,6579,19789740,2038,130,1284,250,3746468,3746315,1273,118,129,142,216,5437835,3582466,95,186,2539,288,416,0,142,0,896,6443555,3788,0,773,6,1,4,147,1,4,151,2,2,1,6
6151.28,1624988578887,50.012106467,1,0,0,5,10,4,5,136,2,0,0,0,0,53,5705302,0,44,0,63,15684,2375161,53116,0,1,228543,178988,47953,48413,9422,1363,9439,819,177,1030,1030,949,18125,6453,21203993,2004,127,1281,249,3748412,3748256,1260,118,127,140,212,5705065,3586833,94,184,2519,289,414,0,139,0,885,6827665,3873,0,771,8,1,4,157,1,4,161,8,2,1,10
6201.29,1624988635221,50.012127929,1,0,0,5,10,4,5,136,2,0,0,0,0,95,5797041,0,26,0,62,23759,2458733,52740,0,1,225599,176760,47629,48047,9421,1545,9427,1008,58,1029,1029,930,18151,6463,21590698,2002,128,1269,250,3752803,3752651,1194,118,127,139,212,5796703,3593212,93,183,2405,286,347,0,139,0,884,7018281,3677,0,728,8,1,4,143,1,4,147,8,2,1,10
6251.3,1624988692444,50.012131370,1,0,0,5,10,4,5,130,2,0,0,0,0,62,5595294,0,32,0,63,14586,2255550,52645,0,1,225411,176624,47864,48350,9503,1605,9520,1134,58,1072,1072,959,18285,6536,20596411,2034,125,1263,252,3756115,3755966,1210,118,124,141,210,5594900,3596298,94,180,2432,288,368,11,137,2,910,6698023,3667,0,727,8,1,4,160,1,4,164,8,2,1,10
6301.31,1624988749300,50.011950800,1,0,0,5,10,4,5,136,2,0,0,0,0,69,5802659,0,28,0,62,5073,2483388,52795,0,1,229112,179381,47984,48499,9434,1364,9434,819,189,1037,1038,938,18174,6455,21694837,2018,128,1284,251,3737088,3736935,1276,118,127,143,212,5802407,3575338,95,185,2560,290,448,0,140,0,892,6902325,3837,0,791,8,1,4,157,1,4,161,8,2,1,10
6351.32,1624988806475,50.012072100,1,0,0,5,10,4,5,140,2,0,0,0,0,78,5780149,0,28,0,62,20591,2464198,52644,0,1,226038,177091,49397,49954,9624,1496,9662,1008,183,1029,1029,928,18959,6602,21562595,1994,131,1265,250,3735272,3735118,1263,118,130,146,216,5779804,3573212,95,187,2509,286,425,0,142,0,884,6744435,3865,0,792,8,1,4,156,1,4,160,8,2,1,10
6401.33,1624988863440,50.012150535,1,0,0,5,10,4,5,132,2,0,0,0,0,69,5731882,0,26,0,63,15193,2419919,53001,0,1,228235,178787,49020,49559,9528,1303,9545,693,178,1037,1037,935,18767,6530,21335451,2010,127,1277,250,3731319,3731163,1266,118,126,143,213,5731461,3568261,95,184,2531,286,438,0,140,0,892,6802298,3864,0,793,8,1,4,156,1,4,160,8,2,1,10
6451.34,1624988920233,50.011807092,1,0,0,5,10,4,5,136,2,0,0,0,0,82,5619438,0,26,0,66,23893,2302044,52065,0,1,227038,177885,49259,49684,9593,1053,9602,567,165,1038,1038,929,18892,6576,20730372,2012,130,1273,250,3741443,3741287,1256,118,129,142,216,5619076,3578853,95,186,2517,286,423,0,142,0,886,6772797,3836,0,795,8,1,4,158,1,4,162,8,2,1,10
6501.35,1624988977491,50.012688489,1,0,0,5,10,4,5,136,2,0,0,0,0,62,5717409,0,30,0,62,5129,2350378,52878,0,1,226887,177661,47862,48462,9459,1677,9492,1071,188,1030,1030,924,18145,6476,21140998,2004,128,1272,250,3780828,3780668,1269,119,127,144,212,5717048,3620287,94,184,2519,285,419,0,140,0,879,6749496,3874,0,799,8,1,4,153,1,4,157,8,2,1,10
6551.36,1624989034473,50.012070774,1,0,0,5,10,4,5,138,2,0,0,0,0,80,5785886,0,32,0,65,16761,2433473,53298,0,1,225614,176708,48422,48603,9652,1494,9670,819,175,1071,1071,968,18479,6623,21526324,2032,129,1265,252,3766543,3766392,1274,118,128,141,214,5785502,3606198,95,185,2543,292,444,11,141,2,915,6949417,3806,0,790,8,1,4,152,1,4,156,8,2,1,10
6601.37,1624989091203,50.011612222,1,0,0,5,10,4,5,136,2,0,0,0,0,54,5658608,0,29,0,63,19738,2348464,51630,0,1,225757,176794,47750,48210,9409,1614,9412,945,172,1021,1021,916,18148,6463,20991291,1986,128,1267,250,3724225,3724075,1254,118,127,139,212,5658065,3564326,94,184,2500,284,421,0,139,0,871,6633315,3828,0,774,8,1,4,151,1,4,155,8,2,1,10
6651.38,1624989147650,50.012138923,1,0,0,5,10,4,5,136,2,0,0,0,0,68,5737854,0,27,0,60,12093,2374442,53072,0,1,226487,177464,49295,49733,9598,1309,9604,882,155,1039,1039,938,18890,6597,21297712,2014,130,1267,250,3779225,3779068,1249,118,129,143,216,5737377,3616822,95,186,2510,287,421,0,144,0,892,6848122,3818,0,760,8,1,4,160,1,4,164,8,2,1,10
6701.39,1624989204189,50.012437656,1,0,0,5,10,4,5,128,2,0,0,0,0,67,5695424,0,25,0,62,9406,2385954,52687,0,1,228308,178954,48682,49145,9451,1418,9446,819,58,1043,1043,934,18630,6471,21261539,2024,126,1281,250,3729625,3729467,1205,118,125,138,212,5695069,3567013,94,181,2420,285,347,0,138,0,892,6921169,3639,0,720,8,1,4,158,1,4,162,8,2,1,10
6751.4,1624989261783,50.011763945,1,0,0,5,10,4,5,136,2,0,0,0,0,71,5694626,0,26,0,62,16132,2382202,52635,0,1,229378,179779,49177,49628,9621,1363,9628,819,58,1044,1044,933,18884,6570,21229731,2024,130,1281,250,3735356,3735200,1205,118,129,143,216,5694290,3571843,94,185,2425,286,351,0,142,0,888,6898287,3669,0,720,7,1,4,152,1,4,156,7,2,1,9
6801.41,1624989319282,50.012002259,1,0,0,5,10,4,5,136,2,0,0,0,0,69,5635215,0,32,0,62,26366,2271321,52361,0,1,228148,178756,48320,48738,9620,1740,9615,1134,58,1077,1077,964,18507,6623,20601586,2044,129,1277,251,3780687,3780535,1215,118,128,141,214,5634849,3619118,94,184,2443,284,368,11,141,2,917,6635344,3644,0,725,8,1,4,153,1,4,157,8,2,1,10
6851.42,1624989376022,50.012713484,1,0,0,5,10,4,5,136,2,0,0,0,0,54,5747520,0,26,0,64,25910,2418084,52337,0,1,223751,175240,47792,48279,9412,1299,9431,819,174,1018,1018,921,18147,6470,21345531,1980,128,1256,250,3742657,3742498,1247,118,127,139,212,5747136,3583916,94,184,2490,286,422,0,139,0,876,6777706,3768,0,780,8,1,4,156,1,4,160,8,2,1,10
6901.43,1624989433246,50.013134711,1,0,0,5,10,4,5,136,2,0,0,0,0,53,5503030,0,37,0,69,13710,2175766,51625,0,1,227164,177904,47834,48282,9426,1489,9402,756,177,1029,1029,933,18139,6446,20088342,2002,128,1274,250,3742448,3742294,1259,117,127,140,212,5502698,3581742,94,184,2520,284,419,0,139,0,880,6618895,3768,0,792,8,1,4,153,1,4,157,8,2,1,10
6951.44,1624989490440,50.011844795,1,0,0,5,10,4,5,136,2,0,0,0,0,65,5716654,0,48,0,60,4072,2371412,52707,0,1,227255,177971,47955,48391,9413,1175,9414,756,174,1032,1032,940,18145,6442,21215537,2008,128,1278,251,3759053,3758901,1261,117,127,140,212,5716353,3598601,94,184,2528,287,423,0,140,0,887,6784983,3826,0,784,8,1,4,150,1,4,154,8,2,1,10
7001.45,1624989547397,50.011244823,1,0,0,5,10,4,5,136,2,0,0,0,0,80,5466934,0,71,0,63,14540,2162569,52273,0,1,229879,180096,49365,49810,9572,1811,9583,1071,189,1049,1049,945,18863,6574,20041087,2034,130,1284,250,3727256,3727091,1287,118,129,142,216,5465696,3563201,94,185,2562,285,426,0,142,0,893,6550181,3822,0,806,8,1,4,153,1,4,157,8,2,1,10
7051.46,1624989604342,50.011545522,1,0,0,5,10,4,5,138,2,0,0,0,0,103,5585365,0,76,0,63,9765,2270987,53439,0,1,230190,180356,50181,50628,9800,1631,9795,1008,192,1094,1094,989,19263,6750,20579794,2070,130,1285,252,3737321,3737162,1304,117,130,144,218,5585017,3572288,96,187,2601,289,452,11,144,2,932,6696849,3904,0,794,8,1,4,154,1,4,158,8,2,1,10
7101.47,1624989662010,50.011991065,1,0,0,5,10,4,5,136,2,0,0,0,0,80,5473270,0,69,0,61,14102,2155199,51587,0,1,228236,178813,49452,49857,9611,1436,9623,945,195,1040,1040,950,18898,6584,19987452,2016,130,1277,250,3739345,3739191,1282,118,129,142,216,5472939,3576109,95,186,2552,288,430,0,143,0,894,6529523,3798,0,785,8,1,4,148,1,4,152,8,2,1,10
7151.48,1624989718892,50.012033168,1,0,0,5,10,4,5,136,2,0,0,0,0,89,5421623,0,59,0,67,26384,2084125,51495,0,1,227495,178133,48007,48433,9436,1614,9449,945,177,1029,1029,921,18124,6470,19699278,2002,128,1274,249,3758345,3758193,1259,118,127,139,212,5421236,3597264,94,184,2509,281,418,0,139,0,879,6481655,3776,0,787,8,1,4,158,1,4,162,8,2,1,10
7201.49,1624989776418,50.011856365,1,0,0,5,10,4,5,144,2,0,0,0,0,56,5609489,0,70,0,62,15764,2268612,52580,0,1,229520,179700,48515,48937,9563,1562,9602,882,201,1041,1041,944,18365,6551,20728529,2026,132,1285,250,3760367,3760210,1287,117,131,145,216,5609179,3597728,95,189,2581,290,445,0,145,0,884,6658648,3879,0,794,8,1,4,154,1,4,158,8,2,1,10
7251.51,1624989833574,50.023736972,1,0,0,5,10,4,5,136,2,0,0,0,0,80,5730322,0,63,0,64,10837,2374726,52124,0,1,227835,178479,47709,48579,9429,1295,9493,630,58,1031,1031,924,18194,6460,21255401,2006,128,1280,250,3771081,3770931,1196,117,128,141,212,5729936,3610489,93,183,2404,284,340,0,139,0,877,6854284,3668,0,749,8,1,4,156,1,4,160,8,2,1,10
7301.52,1624989890344,50.011472430,1,0,0,5,10,4,5,136,2,0,0,0,0,75,5571668,0,62,0,63,16344,2265454,51181,0,1,226518,177461,47810,48259,9434,1481,9441,819,58,1033,1033,918,18155,6456,20598845,2009,128,1268,251,3722604,3722455,1198,118,127,139,212,5571325,3562543,93,183,2418,290,352,0,139,0,871,6740524,3611,0,735,8,1,4,158,1,4,162,8,2,1,10
7351.53,1624989946722,50.012186757,1,0,0,5,10,4,5,136,2,0,0,0,0,80,5611577,0,66,0,62,7409,2263903,52535,0,1,228527,179034,50029,50506,9823,1312,9782,630,178,1088,1088,976,19264,6751,20642764,2057,130,1277,252,3767499,3767335,1290,118,130,144,218,5611225,3603135,96,187,2581,289,460,11,143,2,929,6628340,3862,0,783,7,1,4,154,1,4,158,7,2,1,9
7401.54,1624990003785,50.013354052,1,0,0,5,10,4,5,136,2,0,0,0,0,100,5584262,0,62,0,63,14229,2215907,52286,0,1,228929,179335,49393,49888,9608,1246,9597,630,164,1049,1049,943,18900,6579,20494853,2034,130,1279,250,3786743,3786574,1266,117,129,142,216,5583898,3623003,95,186,2550,287,441,0,143,0,897,6658304,3766,0,770,8,1,4,152,1,4,156,8,2,1,10
7451.55,1624990061080,50.012664736,1,0,0,5,10,4,5,144,2,0,0,0,0,68,5642573,0,61,0,66,19627,2322123,52748,0,1,227115,177933,49863,50297,9728,1316,9712,882,165,1034,1034,927,19136,6659,20864037,2004,133,1270,249,3745887,3745725,1251,118,133,147,220,5642421,3582821,95,190,2499,281,416,0,148,0,884,6664713,3782,0,787,8,1,4,157,1,4,161,8,2,1,10
7501.56,1624990118587,50.011973230,1,0,0,5,10,4,5,128,2,0,0,0,0,89,5742553,0,60,0,61,11561,2387110,52379,0,1,229072,179340,47386,47841,9274,1104,9289,567,206,1043,1043,937,17867,6361,21295749,2030,123,1289,249,3771968,3771818,1291,118,123,136,208,5742174,3610788,95,181,2569,286,440,0,136,0,886,6959877,3876,0,798,8,1,4,158,1,4,162,8,2,1,10
7551.57,1624990175892,50.013833894,1,0,0,5,10,4,5,128,2,0,0,0,0,69,5602319,0,59,0,66,20888,2279663,51594,0,1,228539,178963,47358,47943,9288,1544,9277,1008,160,1039,1039,931,17911,6358,20620382,2022,124,1280,250,3743809,3743656,1260,118,123,135,208,5602145,3582935,94,180,2521,285,413,0,135,0,885,6655293,3787,0,760,8,1,4,147,1,4,151,8,2,1,10
7601.58,1624990232524,50.011958890,1,0,0,5,10,4,5,130,2,0,0,0,0,90,5752895,0,66,0,60,6327,2438794,53158,0,1,227577,178219,48099,48526,9481,1612,9481,756,167,1077,1077,976,18251,6547,21465660,2044,125,1274,252,3729727,3729570,1272,118,124,136,210,5752547,3568770,95,181,2554,290,454,11,136,2,926,6808944,3838,0,750,8,1,4,147,1,4,151,8,2,1,10
7651.59,1624990289925,50.012048460,1,0,0,5,10,4,5,128,2,0,0,0,0,103,5756787,0,58,0,63,13059,2406583,54601,0,1,229765,179990,49052,49492,10973,2876,10972,2205,169,1048,1048,948,18691,7978,21275642,2032,126,1284,252,3770939,3770789,1271,118,125,141,212,5756413,3607255,95,182,2540,291,425,0,140,0,902,6806737,3813,0,768,8,1,4,157,1,4,161,8,2,1,10
7701.6,1624990346711,50.012097503,1,0,0,5,10,4,5,136,2,0,0,0,0,69,5745277,0,61,0,67,9792,2426791,52995,0,1,229862,180028,49399,49882,9593,1183,9584,567,189,1042,1042,942,18886,6559,21326873,2020,129,1285,250,3739501,3739343,1276,118,129,144,216,5744966,3575736,96,187,2555,286,451,0,145,0,898,6855800,3836,0,770,8,1,4,150,1,4,154,8,2,1,10
7751.61,1624990403276,50.012054197,1,0,0,5,10,4,5,128,2,0,0,0,0,64,5722230,0,67,0,62,14636,2421066,52724,0,1,225980,177019,48835,49257,9483,1364,9480,819,201,1027,1027,937,18660,6485,21286411,1990,126,1271,250,3716236,3716078,1269,117,125,139,212,5721929,3554925,96,183,2530,287,445,0,139,0,883,6758652,3882,0,788,8,1,4,151,1,4,155,8,2,1,10
7801.62,1624990459510,50.012697809,1,0,0,5,10,4,5,136,2,0,0,0,0,71,5636247,0,67,0,63,19013,2310585,52509,0,1,227160,177955,47664,48044,9417,1167,9396,756,58,1031,1031,928,18134,6462,20725398,2006,128,1272,249,3740267,3740105,1196,119,127,136,212,5635882,3580075,93,183,2414,281,345,0,139,0,878,6682071,3719,0,732,8,1,4,153,1,4,157,8,2,1,10
7851.63,1624990516387,50.011402108,1,0,0,5,10,4,5,138,2,0,0,0,0,93,5594118,0,67,0,63,16390,2262639,52955,0,1,227910,178576,48410,48866,9602,1550,9641,945,58,1081,1081,970,18510,6632,20454706,2052,128,1275,252,3747555,3747395,1219,117,128,140,214,5593296,3586129,94,184,2459,290,374,11,140,2,918,6645272,3777,0,733,8,1,4,149,1,4,153,8,2,1,10
7901.64,1624990573414,50.012468005,1,0,0,5,10,4,5,148,2,0,0,0,0,79,5641219,0,57,0,60,18762,2322265,53731,0,1,227979,178490,49691,50127,9837,1700,9866,1134,177,1035,1035,936,18948,6740,20869038,2014,135,1277,250,3736374,3736210,1265,117,135,150,223,5640805,3574073,97,194,2557,287,455,0,150,0,884,6705085,3881,0,795,8,1,4,152,1,4,156,8,2,1,10
7951.65,1624990630309,50.012963329,1,0,0,5,10,4,5,136,2,0,0,0,0,93,5701990,0,36,0,62,14300,2387487,53031,0,1,227300,177986,48272,49240,9568,2061,9609,1449,191,1041,1041,936,18682,6527,21151284,2022,129,1274,251,3730833,3730672,1277,117,129,142,214,5701744,3569666,95,186,2549,291,431,0,141,0,881,6814712,3866,0,780,8,1,4,159,1,4,163,8,2,1,10
8001.66,1624990687581,50.011867251,1,0,0,5,10,4,5,136,2,0,0,0,0,90,5638703,0,37,0,64,21952,2324563,53586,0,1,229172,179551,49365,49790,9617,1750,9617,1260,169,1043,1043,947,18876,6592,20918185,2021,130,1284,250,3732994,3732844,1265,117,129,144,216,5638281,3569599,95,186,2547,286,432,0,144,0,893,6662436,3899,0,772,8,1,4,158,1,4,162,8,2,1,10
8051.67,1624990744212,50.012010953,1,0,0,5,10,4,5,128,2,0,0,0,0,61,5621445,0,30,0,63,11937,2305047,52348,0,1,229708,179930,48872,49344,9454,1238,9450,567,207,1047,1047,946,18641,6502,20818738,2030,126,1285,250,3733597,3733451,1297,118,125,139,212,5621069,3570083,96,183,2581,287,453,0,139,0,897,6813870,3859,0,785,8,1,4,155,1,4,159,8,2,1,10
8101.68,1624990801292,50.012424549,1,0,0,5,10,4,5,136,2,0,0,0,0,73,5748317,0,40,0,60,10344,2422174,53637,0,1,227357,178129,49277,49709,9618,1624,9635,1134,153,1035,1036,956,18858,6591,21461172,2006,130,1273,249,3742062,3741907,1246,118,129,143,216,5747861,3579511,95,186,2515,283,416,0,142,0,896,6929198,3872,0,766,8,1,4,145,1,4,149,8,2,1,10
8151.69,1624990858057,50.012799440,1,0,0,5,10,4,5,130,2,0,0,0,0,82,5583589,0,42,0,60,14686,2271812,53124,0,1,229035,179345,48047,48467,9487,1236,9531,756,180,1081,1081,984,18247,6547,20590695,2051,125,1283,252,3729128,3728967,1287,118,124,136,210,5583158,3567234,95,181,2590,289,468,11,137,2,926,6564341,3924,0,785,8,1,4,150,1,4,154,8,2,1,10
8201.7,1624990915092,50.012292589,1,0,0,5,10,4,5,144,2,0,0,0,0,78,5613380,0,31,0,61,19112,2292362,52904,0,1,225823,176848,48273,48695,9593,1308,9570,441,186,1024,1024,921,18372,6543,20728730,1992,132,1267,250,3735793,3735635,1269,118,131,144,216,5613009,3575575,94,188,2511,287,420,0,144,0,872,6655566,3897,0,794,8,1,4,152,1,4,156,8,2,1,10
8251.71,1624990972397,50.011704252,1,0,0,5,10,4,5,128,2,0,0,0,0,55,5482764,0,37,0,65,18444,2175343,51847,0,1,229650,179819,47469,47897,9311,1610,9308,1134,187,1040,1040,943,17911,6361,20122489,2024,124,1287,251,3726009,3725861,1280,117,123,137,208,5482390,3564264,94,180,2561,289,434,0,136,0,889,6612763,3857,0,789,8,1,4,156,1,4,160,8,2,1,10
8301.72,1624991029105,50.012110585,1,0,0,5,10,4,5,128,2,0,0,0,0,75,5565648,0,37,0,64,13383,2209640,53101,0,1,228451,179077,48761,49185,9468,1924,9479,1386,58,1046,1046,951,18618,6488,20351686,2028,126,1280,251,3774502,3774352,1207,118,125,138,212,5565352,3612041,94,181,2438,290,350,0,138,0,893,6748129,3710,0,734,8,1,4,157,1,4,161,8,2,1,10
8351.73,1624991086587,50.012092076,1,0,0,5,10,4,5,144,2,0,0,0,0,63,5701438,0,30,0,61,12459,2364928,53096,0,1,226773,177764,49680,50065,9746,1434,9782,1071,58,1035,1035,936,19118,6667,21051576,2006,134,1267,250,3753027,3752865,1196,118,133,146,220,5701081,3590564,94,189,2412,285,353,0,146,0,891,6864062,3746,0,744,8,1,4,155,1,4,159,8,2,1,10
8401.74,1624991143450,50.012407517,1,0,0,5,10,4,5,130,2,0,0,0,2,60,5503117,0,31,0,60,12526,2172881,52855,0,1,227568,178226,47470,47797,9296,1607,9283,1134,171,1082,1082,969,18159,6427,20155470,2046,124,1273,251,3745610,3745457,1281,118,123,135,206,5502725,3584099,93,179,2577,287,474,11,136,2,919,6442650,3908,0,776,8,1,4,146,1,4,150,8,2,1,10
8451.75,1624991199929,50.011862538,1,0,0,5,10,4,5,136,2,0,0,0,0,74,5631068,0,25,0,63,6335,2275872,52311,0,1,226503,177354,47734,48164,9431,1489,9435,882,203,1026,1026,923,18141,6460,20731349,1996,128,1271,249,3767257,3767107,1272,118,127,140,212,5630766,3606970,94,184,2523,283,430,0,140,0,879,6869863,3899,0,787,8,1,4,157,1,4,161,8,2,1,10
8501.76,1624991257035,50.012117713,1,0,0,5,10,4,5,128,2,0,0,0,0,67,5500973,0,25,0,64,7508,2180951,52622,0,1,229491,179674,47343,47768,9289,1607,9277,945,213,1041,1041,933,17862,6370,20180279,2025,124,1286,250,3738481,3738330,1295,118,123,136,208,5500574,3577129,94,180,2564,287,438,0,136,0,887,6599329,3841,0,802,8,1,4,153,1,4,157,8,2,1,10
8551.77,1624991314142,50.011684813,1,0,0,5,10,4,5,128,2,0,0,0,0,74,5600150,0,27,0,64,13530,2249264,52251,0,1,227017,177777,47431,47843,9278,1293,9294,945,165,1033,1033,933,17882,6363,20643673,2010,124,1277,251,3764637,3764482,1259,118,123,135,208,5599755,3604584,94,180,2519,289,424,0,136,0,889,6815487,3754,0,752,8,1,4,149,1,4,153,8,2,1,10
8601.78,1624991370533,50.011627217,1,0,0,5,10,4,5,128,2,0,0,0,0,61,5746649,0,27,0,62,9218,2392838,52732,0,1,229930,180114,48932,49375,9473,1299,9471,756,166,1052,1052,943,18669,6481,21307625,2040,126,1285,251,3774182,3774025,1273,118,125,138,212,5746292,3610177,95,182,2562,291,447,0,138,0,896,6766322,3814,0,749,7,1,4,161,1,4,165,7,2,1,9
8651.79,1624991427197,50.012147480,1,0,0,5,10,4,5,138,2,0,0,0,0,75,5532612,0,33,0,65,8231,2184251,52360,0,1,228071,178691,50053,50487,9819,1438,9853,1071,185,1088,1088,974,19287,6745,20313895,2058,131,1275,252,3765232,3765073,1300,120,130,144,218,5532150,3601259,97,188,2595,289,475,11,144,2,926,6607913,3864,0,775,8,1,4,151,1,4,155,8,2,1,10
8701.8,1624991484298,50.012068786,1,0,0,5,10,4,5,136,2,0,0,0,0,64,5746596,0,27,0,61,10250,2414437,52566,0,1,223919,175438,49149,49566,9608,1367,9605,882,178,1025,1025,920,18918,6585,21299364,1986,129,1255,249,3744868,3744710,1254,118,129,143,216,5746257,3584401,95,186,2501,281,428,0,142,0,877,6968952,3895,0,788,8,1,4,157,1,4,161,8,2,1,10
8751.81,1624991541419,50.012077484,1,0,0,5,10,4,5,136,2,0,0,0,0,78,5587336,0,25,0,67,18365,2256641,52601,0,1,228146,178738,49315,49736,9610,1244,9608,693,178,1038,1038,932,18838,6578,20499091,2014,130,1276,249,3749487,3749332,1268,117,129,142,216,5586981,3586501,95,186,2526,282,427,0,142,0,890,6821221,3921,0,778,8,1,4,154,1,4,158,8,2,1,10
8801.82,1624991598433,50.012547843,1,0,0,5,10,4,5,144,2,0,0,0,0,66,5757843,0,28,0,65,7680,2419559,53220,0,1,228140,178736,48151,48593,9562,1679,9564,1071,58,1035,1035,927,18383,6553,21438291,2013,132,1280,250,3752456,3752294,1200,118,131,144,216,5757503,3591374,93,187,2411,283,345,0,144,0,884,6939602,3738,0,731,8,1,4,157,1,4,161,8,2,1,10
8851.83,1624991655399,50.013047260,1,0,0,5,10,4,5,136,2,0,0,0,0,74,5669656,0,26,0,63,5383,2367252,53214,0,1,228417,178954,47630,48046,9396,1610,9403,1008,58,1037,1037,935,18147,6481,21103207,2018,127,1279,250,3719435,3719287,1202,118,127,139,212,5669308,3558835,93,183,2414,286,344,0,139,0,890,6907268,3688,0,737,8,1,4,151,1,4,155,8,2,1,10
8901.84,1624991712177,50.012344231,1,0,0,5,10,4,5,144,2,0,0,0,0,70,5640590,0,27,0,62,10923,2313364,52940,0,1,227940,178506,48405,48810,9537,1244,9559,882,97,1036,1036,927,18384,6548,20903340,2016,132,1275,251,3743298,3743132,1225,120,131,144,216,5640173,3581728,94,188,2508,288,440,0,144,0,885,6720138,3773,0,751,8,1,4,150,1,4,154,8,2,1,10
8951.85,1624991769243,50.011883750,1,0,0,5,10,4,5,136,2,0,0,0,0,64,5564639,0,31,0,62,15439,2277757,52348,0,1,228415,178914,47705,48255,9283,1738,9422,1134,177,1069,1069,969,18207,6371,20554489,2042,127,1277,251,3703495,3703337,1283,118,126,138,210,5564439,3541709,92,182,2575,292,452,7,138,2,913,6835033,3894,0,786,8,1,4,149,1,4,153,8,2,1,10
9001.86,1624991826554,50.012733781,1,0,0,5,10,4,5,144,2,0,0,0,0,64,5613836,0,27,0,66,9162,2298404,52451,0,1,227941,178577,49839,50303,9751,1692,9746,1134,197,1041,1041,938,19150,6679,20753036,2018,134,1275,250,3733662,3733491,1284,120,133,146,220,5613507,3570261,95,190,2556,286,446,0,146,0,893,6735296,3878,0,789,8,1,4,161,1,4,165,8,2,1,10
9051.87,1624991883366,50.011412724,1,0,0,5,10,4,5,136,2,0,0,0,0,62,5669574,0,41,0,63,5963,2347990,53579,0,1,229226,179570,49173,49653,9588,1497,9603,1071,190,1045,1045,949,18881,6566,21059088,2026,130,1282,249,3740270,3740108,1282,118,129,143,216,5668494,3576621,95,186,2571,283,442,0,143,0,889,6730884,3961,0,785,8,1,4,156,1,4,160,8,2,1,10
9101.88,1624991940109,50.012650036,1,0,0,5,10,4,5,136,2,0,0,0,0,44,5654833,0,27,0,63,13914,2320427,52206,0,1,227135,177840,47724,48180,9424,1615,9432,945,189,1029,1029,921,18147,6455,20966671,2002,127,1274,249,3750107,3749942,1267,118,127,140,212,5654460,3589500,94,184,2524,281,429,0,140,0,879,6765253,3864,0,782,8,1,4,150,1,4,154,8,2,1,10
9151.89,1624991997385,50.011628087,1,0,0,5,10,4,5,144,2,0,0,0,0,74,5817435,0,50,0,62,8583,2487347,53208,0,1,227905,178473,48246,48699,9532,1058,9551,567,183,1033,1033,947,18325,6544,21752869,2010,131,1276,250,3744927,3744766,1267,118,131,144,216,5816517,3583753,94,188,2556,285,435,0,144,0,879,6911688,3984,0,783,8,1,4,153,1,4,157,8,2,1,10
9201.9,1624992054101,50.012149406,1,0,0,5,10,4,5,138,2,0,0,0,0,79,5450171,0,44,0,62,4623,2137928,52466,0,1,228044,178593,48623,49064,9629,1683,9623,1134,178,1084,1084,976,18530,6616,19887756,2056,128,1277,253,3729229,3729076,1290,118,128,140,214,5449899,3567404,95,185,2595,292,463,11,140,2,917,6589381,3894,0,780,8,1,4,150,1,4,154,8,2,1,10
9251.91,1624992111101,50.012257861,1,0,0,5,10,4,5,144,2,0,0,0,0,83,5634016,0,28,0,65,7649,2291962,53696,0,1,229082,179409,49419,49961,11242,2766,11238,1953,172,1044,1044,940,19080,8154,20751346,2028,134,1282,252,3760732,3760569,1274,119,133,147,219,5633590,3598016,95,190,2540,288,429,0,147,0,896,6723019,3867,0,785,8,1,4,157,1,4,161,8,2,1,10
9301.92,1624992168266,50.011976055,1,0,0,5,10,4,5,136,2,0,0,0,0,103,5544365,0,39,0,62,15541,2230357,52975,0,1,230207,180352,49339,49769,9601,1562,9610,1071,173,1052,1052,950,18912,6584,20341679,2040,130,1287,250,3736718,3736560,1284,118,129,143,216,5543936,3572771,95,186,2568,285,426,0,143,0,896,6697422,3920,0,792,8,1,4,158,1,4,162,8,2,1,10
9351.93,1624992224688,50.011793096,1,0,0,5,10,4,5,136,2,0,0,0,0,73,5571537,0,36,0,63,21671,2228762,52547,0,1,227108,178011,49022,49430,9568,1805,9581,1197,58,1034,1034,936,18899,6573,20419127,2004,129,1274,249,3761460,3761303,1195,118,129,143,216,5571151,3599341,94,185,2416,281,350,0,142,0,883,6541062,3786,0,735,8,1,4,156,1,4,160,8,2,1,10
9401.94,1624992281534,50.012144457,1,0,0,5,10,4,5,144,2,0,0,0,0,71,5652879,0,28,0,63,22480,2314914,52225,0,1,226585,177623,49633,50075,9717,1624,9718,945,58,1036,1036,938,19074,6678,20896461,2008,133,1266,249,3756183,3756023,1197,119,133,147,220,5652754,3593821,94,189,2414,284,350,0,147,0,888,6859088,3762,0,745,8,1,4,149,1,4,153,8,2,1,10
9451.95,1624992339531,50.011930666,1,0,0,5,10,4,5,171,2,0,0,0,0,73,5707624,0,36,0,64,11348,2381958,53558,0,1,226346,177134,52130,52486,10263,1322,10303,756,183,1070,1070,951,19888,7123,21191659,2030,133,1265,256,3742408,3742253,1277,118,133,151,222,5707304,3578982,102,189,2652,298,602,11,151,2,903,6920716,3968,0,813,8,1,4,170,4,4,174,8,2,1,10
9501.96,1624992397007,50.012220252,1,0,0,5,10,4,5,136,2,0,0,0,0,58,5788642,0,27,0,62,10777,2435819,52139,0,1,226089,177063,47841,48246,9422,1300,9431,819,172,1028,1028,926,18142,6460,21584436,1998,128,1269,250,3764407,3764252,1255,118,127,139,212,5788323,3604399,94,184,2509,287,424,0,140,0,878,7079565,3802,0,759,8,1,4,148,1,4,152,8,2,1,10
9551.97,1624992453894,50.013053424,1,0,0,5,10,4,5,136,2,0,0,0,0,74,5820928,0,26,0,63,3678,2507448,53072,0,1,228070,178601,47969,48428,9475,1805,9448,1197,171,1036,1036,923,18134,6452,21877515,2018,128,1278,251,3727648,3727488,1263,118,127,140,212,5820558,3566642,94,184,2532,288,430,0,140,0,881,7230194,3896,0,748,7,1,4,149,1,4,153,7,2,1,9
9601.98,1624992511200,50.012297593,1,0,0,5,10,4,5,136,2,0,0,0,0,65,5764706,0,26,0,63,12413,2478218,53761,0,1,229212,179587,49434,49853,9597,1685,9607,1071,170,1048,1048,944,18919,6578,21554991,2032,130,1285,251,3706829,3706668,1271,118,129,142,216,5764303,3543190,95,186,2544,290,431,0,142,0,899,6871945,3830,0,757,8,1,4,163,1,4,167,8,2,1,10
9651.99,1624992567623,50.012376490,1,0,0,5,10,4,5,136,2,0,0,0,0,83,5715683,0,27,0,61,17119,2401267,53529,0,1,227318,178104,49323,49779,9608,2191,9611,1575,189,1039,1039,932,18890,6572,21226577,2013,130,1273,250,3729024,3728872,1273,118,129,144,216,5715355,3566833,95,186,2532,285,428,0,144,0,888,6888122,3904,0,782,8,1,4,156,1,4,160,8,2,1,10
9702,1624992624967,50.012287733,1,0,0,5,10,4,5,136,2,0,0,0,0,73,5609959,0,26,0,61,11704,2296918,52250,0,1,226180,177221,49226,49644,9605,1936,9586,1197,172,1029,1029,920,18890,6582,20709998,1994,130,1267,249,3728288,3728132,1258,118,129,142,216,5609570,3566376,95,186,2505,283,422,0,142,0,875,6779508,3863,0,783,8,1,4,155,1,4,159,8,2,1,10
9752.01,1624992681466,50.012284902,1,0,0,5,10,4,5,144,2,0,0,0,0,89,5605811,0,28,0,64,6754,2285235,52970,0,1,228634,179097,48627,48860,9536,1496,9551,1071,194,1038,1038,926,18446,6551,20490128,2016,132,1280,249,3737279,3737125,1280,119,131,140,217,5605461,3574625,94,188,2542,282,426,0,144,0,882,6651203,3886,0,816,8,1,4,149,1,4,153,8,2,1,10
9802.02,1624992738460,50.012254902,1,0,0,5,10,4,5,134,2,0,0,0,0,77,5667506,0,26,0,63,17909,2384091,53066,0,1,229061,179379,47754,48070,9371,1741,9359,1197,183,1040,1040,933,18090,6440,21006535,2024,127,1284,250,3704887,3704737,1274,117,127,135,212,5667111,3543349,94,183,2542,285,426,0,139,0,890,6920448,3930,0,799,8,1,4,156,1,4,160,8,2,1,10
9852.03,1624992795648,50.012333927,1,0,0,5,10,4,5,136,2,0,0,0,0,84,5667070,0,65,0,64,22498,2357863,54416,0,1,228795,179288,47952,48368,9469,1808,9466,1134,58,1039,1039,1027,18143,6456,20901773,2021,127,1284,251,3733011,3732841,1204,117,126,140,212,5666806,3571724,93,183,2447,379,362,0,140,0,884,6802530,3738,0,741,8,1,4,153,1,4,157,8,2,1,10
9902.04,1624992852722,50.012075865,1,0,0,5,10,4,5,136,2,0,0,0,0,67,5629388,0,29,0,63,16106,2302463,52685,0,1,227961,178603,47795,48218,9443,1987,9414,1386,58,1037,1038,938,18149,6454,20820942,2018,128,1276,251,3742269,3742110,1203,118,127,140,212,5629025,3581554,93,183,2427,295,352,0,139,0,888,6784358,3726,0,748,8,1,4,150,1,4,154,8,2,1,10
9952.05,1624992909608,50.012051546,1,0,0,5,10,4,5,136,2,0,0,0,0,99,5648985,0,30,0,62,19392,2320986,53687,0,1,229604,179975,49254,49683,9585,1743,9566,1386,58,1054,1054,952,18927,6580,20754081,2044,130,1282,251,3749075,3748920,1215,118,129,143,215,5648672,3585387,93,184,2452,299,355,0,142,0,895,6812136,3824,0,743,8,1,4,158,1,4,162,8,2,1,10
10002.1,1624992966767,50.011865820,1,0,0,5,10,4,5,146,2,0,0,0,0,63,5738333,0,62,0,61,7763,2439416,53338,0,1,227396,178214,50398,50848,9950,1514,9966,1008,151,1082,1082,1031,19497,6862,21381205,2045,135,1271,251,3716926,3716757,1267,118,134,147,222,5737420,3553313,96,191,2569,338,457,11,148,2,920,6790426,3914,0,777,7,1,4,158,1,4,162,7,2,1,9
10052.1,1624993023456,50.012263156,1,0,0,5,10,4,5,137,2,0,0,0,0,89,5784613,0,29,0,61,19679,2473082,52649,0,1,227074,177908,49384,49731,9634,1877,9587,1323,191,1039,1039,937,18943,6604,21560701,2014,131,1271,249,3729585,3729428,1273,118,130,142,217,5784168,3566946,95,187,2535,284,425,0,144,0,888,6932003,3914,0,786,8,1,4,156,1,4,160,8,2,1,10
10102.1,1624993080351,50.011370495,1,0,0,5,10,4,5,128,2,0,0,0,0,79,5621178,0,49,0,65,8352,2329768,53014,0,1,229049,179383,47217,47663,9290,1863,9324,1449,189,1040,1040,959,17866,6375,20860488,2024,123,1284,249,3709471,3709330,1282,119,123,136,208,5620221,3548799,94,180,2554,290,418,0,137,0,889,6792485,3918,0,796,8,1,4,150,1,4,154,8,2,1,10
10152.1,1624993137615,50.012745634,1,0,0,5,10,4,5,144,2,0,0,0,0,69,5564471,0,32,0,62,25044,2253557,51856,0,1,223310,174911,48403,48807,9567,1748,9580,1386,185,1023,1023,925,18390,6542,20307104,1990,132,1252,251,3728734,3728570,1257,118,131,143,216,5563956,3569341,94,188,2516,291,429,0,143,0,874,6605671,3924,0,786,8,1,4,153,1,4,157,8,2,1,10
10202.1,1624993194797,50.012079788,1,0,0,5,10,4,5,144,2,0,0,0,0,77,5678259,0,43,0,63,20786,2353959,52657,0,1,228805,179196,48458,48922,9599,1814,9593,1197,189,1042,1042,953,18357,6541,21062206,2028,132,1281,251,3743711,3743558,1284,118,131,144,216,5677860,3581816,94,188,2565,296,430,0,143,0,890,6865822,3973,0,795,7,1,4,161,1,4,165,7,2,1,9
10252.1,1624993251543,50.012102058,1,0,0,5,10,4,5,136,2,0,0,0,0,74,5677510,0,57,0,65,17918,2369855,53992,0,1,229730,180029,50130,50572,9788,1693,9805,1071,154,1094,1094,1011,19284,6759,21049500,2070,130,1283,253,3728171,3728015,1284,118,130,144,218,5677119,3563630,96,187,2606,301,458,11,143,2,932,6881552,3941,0,779,8,1,4,158,1,4,162,8,2,1,10
10302.1,1624993308105,50.012162552,1,0,0,5,10,4,5,128,2,0,0,0,0,78,5680384,0,26,0,64,23353,2412896,52834,0,1,227049,177882,48634,49052,9447,1678,9451,1197,172,1037,1038,930,18626,6487,21142726,2010,126,1271,249,3691372,3691228,1263,119,125,138,212,5680034,3529419,95,182,2518,283,420,0,139,0,885,6899228,3903,0,778,8,1,4,151,1,4,155,8,2,1,10
10352.1,1624993365203,50.011984192,1,0,0,5,10,4,5,128,2,0,0,0,0,74,5867422,0,36,0,62,10810,2539576,53744,0,1,226229,177231,48707,49128,9463,1365,9480,882,183,1031,1031,935,18632,6490,21998316,1998,126,1269,249,3741848,3741698,1261,118,125,140,212,5867079,3580487,95,182,2516,282,420,0,140,0,882,7196998,3969,0,768,8,1,4,155,1,4,159,8,2,1,10
10402.1,1624993422284,50.011924263,1,0,0,5,10,4,5,128,2,0,0,0,0,60,5591756,0,41,0,63,26183,2327403,51604,0,1,226739,177737,48527,48908,9459,1610,9445,1071,58,1037,1037,944,18603,6492,20753997,2010,126,1272,249,3686595,3686441,1198,118,125,138,212,5591432,3524988,94,181,2418,281,343,0,138,0,886,6770422,3750,0,709,8,1,4,156,1,4,160,8,2,1,10
10452.1,1624993479958,50.012639592,1,0,0,5,10,4,5,136,2,0,0,0,0,75,5599406,0,27,0,63,21569,2278173,52047,0,1,227380,178134,47550,47944,9431,1293,9448,756,58,1034,1034,920,18133,6457,20660502,2012,127,1273,249,3740029,3739877,1199,117,127,139,212,5599021,3579565,93,183,2415,281,346,0,139,0,876,6745093,3712,0,704,8,1,4,153,1,4,157,8,2,1,10
10502.1,1624993536627,50.012663040,1,0,0,5,10,4,5,130,2,0,0,0,0,49,5484472,0,32,0,61,15692,2199407,52357,0,1,229296,179561,47824,48205,9442,1483,9313,882,159,1062,1062,953,18091,6522,20188410,2046,124,1284,253,3707681,3707524,1273,118,123,135,207,5484075,3545747,94,180,2554,293,437,4,135,0,904,6589600,3833,0,737,6,1,4,152,1,4,156,2,2,1,6
10552.1,1624993593385,50.011420084,1,0,0,5,10,4,5,136,2,0,0,0,0,72,5646487,0,26,0,69,10041,2334481,52404,0,1,227866,178402,47831,48327,9440,1490,9442,819,191,1034,1034,930,18125,6460,20866834,2012,128,1278,251,3727339,3727177,1277,118,127,141,212,5645510,3566133,96,186,2565,289,463,0,140,0,886,6896439,3894,0,789,8,1,4,154,1,4,158,8,2,1,10
10602.1,1624993650283,50.011242745,1,0,0,5,10,4,5,136,2,0,0,0,0,71,5667776,0,27,0,60,18942,2339268,53110,0,1,226544,177504,49274,49741,9559,1810,9585,1449,153,1039,1039,941,18865,6567,20922971,2014,130,1267,251,3746374,3746211,1253,118,129,142,216,5666878,3584141,95,186,2519,291,427,0,142,0,894,6722454,3866,0,770,8,1,4,158,1,4,162,8,2,1,10
10652.1,1624993707302,50.012259980,1,0,0,5,10,4,5,136,2,0,0,0,0,66,5624518,0,29,0,62,17097,2295185,52935,0,1,229528,179783,49173,49646,9597,1623,9595,882,201,1043,1043,932,18885,6589,20697663,2022,130,1288,249,3750279,3750118,1285,118,129,144,216,5624180,3586656,95,186,2559,282,440,0,143,0,887,6774095,3871,0,796,8,1,4,154,1,4,158,8,2,1,10
10702.1,1624993764483,50.011538576,1,0,0,5,10,4,5,128,2,0,0,0,0,65,5593587,0,27,0,61,16377,2242951,52400,0,1,227894,178502,48774,49280,9427,1238,9462,882,183,1035,1035,937,18641,6488,20395729,2006,126,1276,249,3766495,3766335,1269,118,125,143,212,5593184,3603874,96,183,2533,284,442,0,140,0,890,6540341,3916,0,782,8,1,4,153,1,4,157,8,2,1,10
10752.1,1624993821117,50.011510078,1,0,0,5,10,4,5,144,2,0,0,0,0,67,5708108,0,32,0,63,9949,2397505,52844,0,1,229269,179519,48218,48658,9573,1497,9590,819,183,1037,1037,938,18410,6556,21226533,2018,131,1284,249,3729446,3729292,1271,118,131,143,216,5707765,3567253,94,188,2540,283,426,0,143,0,891,6819389,3855,0,793,8,1,4,152,1,4,156,8,2,1,10
10802.1,1624993878187,50.013631206,1,0,0,5,10,4,5,136,2,0,0,0,0,61,5553530,0,34,0,67,6293,2225708,53174,0,1,228310,178804,48656,49113,9670,1368,9645,630,195,1086,1086,977,18516,6635,20285273,2062,129,1278,253,3745355,3745198,1300,117,128,140,214,5553183,3583351,95,185,2598,295,464,11,141,2,923,6610013,3902,0,802,8,1,4,152,1,4,156,8,2,1,10
10852.1,1624993934844,50.012289946,1,0,0,5,10,4,5,136,2,0,0,0,0,44,5656464,0,27,0,63,4097,2335600,51649,0,1,226702,177526,48040,48481,10933,2498,10937,2016,167,1027,1027,932,18181,7947,20973197,1998,128,1271,252,3735221,3735066,1255,118,127,141,212,5656154,3574521,94,184,2533,290,442,0,141,0,883,6674963,3851,0,787,7,1,4,157,1,4,161,7,2,1,9
10902.1,1624993991843,50.011927231,1,0,0,5,10,4,5,136,2,0,0,0,0,85,5637148,0,27,0,61,5987,2300726,52027,0,1,229253,179700,49309,49748,9614,1807,9613,1197,59,1047,1047,940,18910,6580,20812140,2030,130,1283,251,3754646,3754483,1210,120,129,143,216,5636781,3591284,94,185,2433,289,353,0,143,0,894,6854614,3694,0,736,7,1,4,154,1,4,158,7,2,1,9
10952.1,1624994048661,50.013013605,1,0,0,5,10,4,5,136,2,0,0,0,0,69,5678559,0,26,0,65,5737,2346164,52735,0,1,228627,179197,49070,49546,9587,1174,9591,693,58,1043,1043,930,18882,6581,21000901,2022,130,1277,249,3749333,3749182,1204,118,129,143,216,5678290,3586552,94,185,2417,280,345,0,142,0,888,6823002,3712,0,743,8,1,4,151,1,4,155,8,2,1,10
11002.1,1624994106464,50.011985562,1,0,0,5,10,4,5,136,2,0,0,0,0,67,5623833,0,28,0,62,11119,2262031,52762,0,1,227541,178351,49154,49614,9562,1301,9588,693,58,1037,1037,931,18900,6590,20650999,2010,130,1272,249,3777601,3777445,1198,118,129,142,216,5623467,3615129,94,185,2412,281,349,0,142,0,887,6744172,3726,0,732,8,1,4,151,1,4,155,8,2,1,10
11052.1,1624994163574,50.011959626,1,0,0,5,10,4,5,138,2,0,0,0,0,86,5701590,0,35,0,61,15342,2403570,53553,0,1,229690,179964,49932,50349,9792,1440,9790,756,183,1089,1089,975,19298,6751,21192299,2060,131,1283,251,3722935,3722778,1296,118,130,143,218,5701223,3558276,96,187,2575,288,446,11,144,2,922,6725729,3884,0,769,8,1,4,149,1,4,153,8,2,1,10
11102.1,1624994220847,50.012518335,1,0,0,5,10,4,5,140,2,0,0,0,0,59,5640423,0,27,0,63,3962,2329495,52005,0,1,228183,178684,49032,49462,9684,1500,9663,630,201,1030,1031,924,18692,6639,20897238,2004,132,1280,249,3726976,3726818,1277,118,131,144,219,5640012,3565348,96,189,2529,284,419,0,145,0,879,6886003,3841,0,788,8,1,4,157,1,4,161,8,2,1,10
11152.1,1624994278156,50.011897295,1,0,0,5,10,4,5,136,2,0,0,0,0,62,5582909,0,38,0,64,8548,2263970,52277,0,1,224847,176079,47942,48357,9424,1239,9437,630,184,1023,1024,931,18133,6463,20568871,1990,127,1262,251,3731883,3731730,1260,119,127,141,212,5582687,3572388,95,185,2534,291,444,0,142,0,873,6629497,3823,0,776,8,1,4,157,1,4,161,8,2,1,10
11202.1,1624994335005,50.011990412,1,0,0,5,10,4,5,136,2,0,0,0,0,74,5753461,0,36,0,62,8863,2426096,53748,0,1,227439,178122,47915,48298,9439,922,9432,378,167,1036,1036,944,18152,6448,21421738,2016,128,1279,251,3741695,3741541,1263,120,127,139,212,5753113,3580956,94,184,2534,290,424,0,139,0,887,7054413,3791,0,765,8,1,4,161,1,4,165,8,2,1,10
11252.1,1624994392149,50.022117858,1,0,0,5,10,4,5,128,2,0,0,0,0,86,5649559,0,35,0,63,5286,2341298,53810,0,1,229462,179778,48965,49802,9475,1490,9541,819,183,1046,1046,950,18738,6504,20932309,2027,127,1283,251,3728163,3728016,1276,118,126,138,212,5649209,3564533,95,182,2559,291,440,0,138,0,894,6825611,3860,0,780,8,1,4,149,1,4,153,8,2,1,10
11302.1,1624994449174,50.013053198,1,0,0,5,10,4,5,130,2,0,0,0,0,66,5762651,0,48,0,63,7162,2455368,53841,0,1,228216,178821,49553,49965,9663,1810,9688,1134,188,1078,1078,987,19010,6667,21505800,2038,126,1278,251,3725903,3725750,1282,116,126,140,214,5762305,3562448,96,183,2564,286,446,11,139,2,923,7047178,3960,0,795,8,1,4,152,1,4,156,8,2,1,10
11352.1,1624994506645,50.012173655,1,0,0,5,10,4,5,136,2,0,0,0,0,111,5767011,0,29,0,62,18355,2459892,52466,0,1,222569,174391,49111,49556,9607,1118,9629,504,178,1014,1014,920,18890,6587,21409572,1964,129,1249,249,3722545,3722391,1242,119,129,143,216,5766677,3562861,95,186,2479,284,426,0,143,0,870,7050513,3802,0,761,8,1,4,152,1,4,156,8,2,1,10
11402.1,1624994563616,50.012378946,1,0,0,5,10,4,5,136,2,0,0,0,0,79,5793328,0,26,0,62,15491,2490677,53282,0,1,227940,178566,49144,49558,9582,1559,9575,945,178,1036,1036,927,18905,6570,21730786,2008,130,1276,249,3722584,3722431,1265,117,129,143,216,5792755,3559585,95,186,2526,282,427,0,143,0,884,7207379,3792,0,767,8,1,4,156,1,4,160,8,2,1,10
11452.1,1624994621189,50.012367258,1,0,0,5,10,4,5,128,2,0,0,0,0,80,5663657,0,41,0,62,16735,2336768,51858,0,1,228057,178667,47085,47533,9245,1475,9250,819,58,1034,1034,941,17889,6360,20937457,2012,124,1282,249,3741921,3741769,1199,117,123,135,208,5663346,3581860,93,179,2422,282,339,0,135,0,880,6992053,3706,0,713,8,1,4,150,1,4,154,8,2,1,10
11502.1,1624994678533,50.012215306,1,0,0,5,10,4,5,136,2,0,0,0,0,55,5694507,0,26,0,64,23236,2364033,52226,0,1,227960,178599,47739,48138,9412,1545,9428,882,58,1036,1036,933,18131,6459,21062986,2016,128,1277,251,3749405,3749257,1201,118,127,139,212,5694133,3588406,93,183,2416,287,347,0,139,0,891,6870903,3627,0,722,8,1,4,150,1,4,154,8,2,1,10
11552.1,1624994735459,50.011831320,1,0,0,5,10,4,5,136,2,0,0,0,0,70,5787115,0,27,0,62,11752,2466343,52948,0,1,228936,179272,47925,48237,9467,1301,9456,882,192,1040,1040,930,18147,6458,21522185,2024,127,1284,251,3738045,3737889,1286,120,127,135,212,5786773,3576233,94,184,2554,289,429,0,139,0,886,6949710,3821,0,772,8,1,4,157,1,4,161,8,2,1,10
11602.1,1624994792396,50.011850505,1,0,0,5,10,4,5,138,2,0,0,0,0,70,5672801,0,34,0,70,14025,2371580,52354,0,1,226700,177659,50042,50470,9815,1564,9841,1008,174,1084,1084,973,19255,6757,20885807,2050,130,1269,253,3718789,3718633,1282,118,130,143,218,5672421,3555686,96,187,2565,294,455,11,143,2,922,6844207,3856,0,797,8,1,4,157,1,4,161,8,2,1,10
11652.1,1624994849299,50.011988957,1,0,0,5,10,4,5,128,2,0,0,0,0,92,5777295,0,27,0,62,17114,2477809,52925,0,1,227139,177959,48748,49173,9461,1362,9484,1008,166,1034,1034,928,18649,6505,21520971,2003,125,1272,249,3715967,3715819,1255,118,125,138,212,5777031,3554032,95,182,2507,282,421,0,139,0,884,6946531,3843,0,783,8,1,4,157,1,4,161,8,2,1,10
11702.1,1624994906478,50.012165845,1,0,0,5,10,4,5,144,2,0,0,0,0,78,5633589,0,28,0,63,15302,2316550,52598,0,1,228495,179028,49681,49942,9744,1443,9727,1071,177,1044,1044,936,19125,6674,20718795,2024,134,1281,249,3735438,3735280,1274,117,133,143,220,5633283,3572020,95,190,2544,284,428,0,148,0,888,6701903,3812,0,785,8,1,4,153,1,4,157,8,2,1,10
11752.1,1624994963452,50.011633878,1,0,0,5,10,4,5,136,2,0,0,0,0,77,5679559,0,27,0,62,13450,2375906,52666,0,1,228822,179258,49199,49462,9594,1623,9582,1071,188,1039,1039,930,18857,6574,20920210,2014,130,1280,249,3721914,3721762,1269,118,129,138,216,5679243,3558435,95,186,2529,282,427,0,143,0,885,6902355,3839,0,797,8,1,4,157,1,4,161,8,2,1,10
11802.1,1624995021153,50.011863678,1,0,0,5,10,4,5,136,2,0,0,0,0,63,5617210,0,27,0,64,12905,2297397,53183,0,1,229060,179368,47861,48262,9437,1111,9434,756,183,1040,1040,931,18136,6450,20595176,2024,127,1282,250,3737630,3737477,1274,117,127,139,212,5616849,3576031,94,184,2539,287,422,0,139,0,885,6799597,3897,0,796,8,1,4,149,1,4,153,8,2,1,10
11852.1,1624995077883,50.011942378,1,0,0,5,10,4,5,138,2,0,0,0,0,55,5644195,0,32,0,62,15447,2362532,52821,0,1,228814,179199,48648,49070,9657,1493,9666,882,172,1082,1082,970,18527,6630,20864839,2054,128,1281,253,3699672,3699520,1284,118,128,140,214,5643683,3537467,95,185,2569,293,453,11,140,2,922,6737732,3903,0,782,8,1,4,154,1,4,158,8,2,1,10
11902.1,1624995134796,50.011940607,1,0,0,5,10,4,5,144,2,0,0,0,0,75,5840612,0,29,0,64,14136,2529285,52276,0,1,221061,173158,48350,48779,9606,1496,9599,882,171,1013,1013,914,18411,6549,21854184,1970,132,1243,251,3721190,3721037,1244,119,131,144,216,5840230,3563424,94,188,2488,291,429,0,144,0,866,7277775,3850,0,790,8,1,4,148,1,4,152,8,2,1,10
11952.1,1624995192138,50.012571697,1,0,0,5,10,4,5,136,2,0,0,0,0,69,5681684,0,28,0,63,3893,2402550,53630,0,1,228423,178935,49509,49814,9586,1373,9610,693,179,1045,1045,936,18890,6567,21123610,2025,130,1282,250,3699136,3698985,1271,117,129,141,216,5681363,3535389,96,187,2553,284,449,0,144,0,893,6807119,3851,0,781,8,1,4,156,1,4,160,8,2,1,10
12002.1,1624995249520,50.012573724,1,0,0,5,10,4,5,144,2,0,0,0,0,76,5680605,0,59,0,64,17405,2363432,52764,0,1,227198,178136,49616,50065,9742,1127,9742,756,58,1037,1037,1016,19143,6668,21112177,2010,134,1270,249,3732427,3732259,1198,118,133,148,220,5680194,3570046,94,189,2408,364,346,0,147,0,888,6818949,3682,0,744,8,1,4,154,1,4,158,8,2,1,10
12052.1,1624995306566,50.012396686,1,0,0,5,10,4,5,136,2,0,0,0,0,92,5685457,0,32,0,64,19173,2367036,52708,0,1,227809,178570,49015,49356,9565,1426,9574,1134,58,1040,1040,941,18873,6591,21100899,2016,131,1273,249,3734255,3734101,1201,118,129,138,216,5685088,3571816,94,185,2413,287,345,0,142,0,890,6841113,3660,0,726,6,1,4,153,1,4,157,2,2,1,6
12102.1,1624995363358,50.011791573,1,0,0,5,10,4,5,146,2,0,0,0,0,74,5559932,0,35,0,58,10307,2261100,53194,0,1,229357,179662,48328,48787,9534,1875,9548,1449,193,1090,1090,981,18575,6596,20503361,2062,131,1284,251,3717875,3717713,1297,118,130,142,213,5558969,3554505,92,186,2583,293,457,11,143,2,924,6549430,3907,0,777,6,1,4,151,1,4,155,2,2,1,6
12152.1,1624995420713,50.012105362,1,0,0,5,10,4,5,136,2,0,0,0,0,71,5706730,0,26,0,62,9738,2402148,52893,0,1,225803,176832,47836,48258,9424,1803,9421,1323,191,1025,1025,922,18138,6454,21225860,1993,128,1268,250,3716965,3716813,1263,118,127,139,212,5706445,3557238,94,184,2516,286,431,0,139,0,879,6732427,3875,0,773,6,1,4,160,1,4,164,2,2,1,6
12202.1,1624995477365,50.012295864,1,0,0,5,10,4,5,136,2,0,0,0,0,63,5752025,0,46,0,61,7141,2427286,54437,0,1,227947,178511,47913,48412,9442,1681,9437,1134,188,1036,1036,946,18132,6465,21474944,2016,127,1278,251,3740030,3739877,1275,118,127,141,212,5751699,3579146,94,184,2549,302,427,0,140,0,876,6908529,3905,0,769,6,1,4,151,1,4,155,2,2,1,6
12252.1,1624995534495,50.012039857,1,0,0,5,10,4,5,136,2,0,0,0,0,92,5644365,0,38,0,61,17409,2343801,52696,0,1,228732,179105,47986,48408,9450,1365,9439,756,175,1039,1039,943,18147,6459,20960725,2022,127,1284,251,3719937,3719782,1269,118,127,140,212,5643994,3558476,94,184,2560,290,440,0,141,0,886,6784619,3942,0,753,6,1,4,158,1,4,162,2,2,1,6
12302.1,1624995591493,50.011844524,1,0,0,5,10,4,5,136,2,0,0,0,0,75,5532312,0,38,0,63,20105,2208724,52661,0,1,227252,178038,49359,49802,9585,1748,9606,1008,189,1033,1034,937,18869,6576,20328782,2002,130,1272,250,3742010,3741857,1268,118,129,142,216,5531970,3579506,95,186,2539,284,435,0,142,0,883,6569724,3906,0,761,6,1,4,157,1,4,161,2,2,1,6
12352.1,1624995649117,50.012329813,1,0,0,5,10,4,5,136,2,0,0,0,0,83,5673181,0,38,0,63,11646,2350416,52456,0,1,227855,178510,49225,49676,9613,2000,9649,1386,195,1038,1038,945,18891,6585,21060825,2011,130,1276,249,3738967,3738815,1276,118,129,143,216,5672844,3576435,95,186,2549,283,432,0,142,0,888,6758011,3884,0,769,6,1,4,155,1,4,159,2,2,1,6
12402.1,1624995705840,50.011880204,1,0,0,5,10,4,5,136,2,0,0,0,0,80,5576367,0,32,0,67,6056,2264545,52206,0,1,226965,177774,47441,47946,9262,1106,9389,693,178,1059,1059,952,18183,6369,20363189,2022,127,1273,249,3727054,3726896,1272,118,126,138,210,5576168,3566131,92,182,2539,282,440,7,138,2,902,6565359,3894,0,762,6,1,4,147,1,4,151,2,2,1,6
12452.1,1624995762769,50.011546582,1,0,0,5,10,4,5,136,2,0,0,0,0,76,5813575,0,26,0,60,13698,2498498,53131,0,1,225315,176460,47888,48342,10903,2749,10916,2205,175,1023,1023,921,18187,7935,21712759,1990,128,1264,251,3730600,3730438,1253,118,127,140,212,5813308,3570995,94,184,2508,287,430,0,140,0,876,6894684,3825,0,755,6,1,4,159,1,4,163,2,2,1,6
12502.1,1624995819736,50.012144621,1,0,0,5,10,4,5,136,2,0,0,0,0,75,5745501,0,45,0,61,4582,2434510,53187,0,1,226614,177552,47692,48155,9446,1358,9451,945,74,1029,1029,941,18142,6459,21391744,2002,128,1275,250,3724530,3724371,1202,118,127,142,212,5745169,3565146,94,184,2427,284,353,0,140,0,879,6817488,3791,0,725,6,1,4,152,1,4,156,2,2,1,6
12552.1,1624995876634,50.011923650,1,0,0,5,10,4,5,144,2,0,0,0,0,82,5690024,0,31,0,61,16385,2393904,52546,0,1,226473,177448,48195,48648,9598,1805,9575,1134,58,1031,1031,930,18372,6554,21193699,2006,132,1267,251,3708705,3708546,1196,118,131,143,216,5689641,3548505,93,187,2412,289,349,0,143,0,881,6655974,3663,0,712,6,1,4,148,1,4,152,2,2,1,6
12602.1,1624995934115,50.011055234,1,0,0,5,10,4,5,136,2,0,0,0,0,80,5812824,0,29,0,64,8374,2507088,52396,0,1,227983,178619,47857,48296,9393,1922,9428,1323,58,1037,1037,932,18099,6463,21788514,2017,127,1277,251,3722040,3721882,1206,118,127,139,212,5811879,3560925,93,183,2420,287,348,0,139,0,888,6910076,3795,0,736,6,1,4,155,1,4,159,2,2,1,6
12652.1,1624995991420,50.012434460,1,0,0,5,10,4,5,138,2,0,0,0,0,86,5767524,0,33,0,65,9474,2448678,53690,0,1,226483,177473,50023,50461,9807,1879,9794,1197,175,1079,1079,972,19309,6754,21451623,2040,131,1268,252,3735295,3735140,1268,117,130,143,218,5767226,3572527,96,187,2556,290,459,11,144,2,922,6849200,3910,0,784,6,1,4,162,1,4,166,2,2,1,6
12702.1,1624996049043,50.013016398,1,0,0,5,10,4,5,136,2,0,0,0,0,75,5631188,0,27,0,63,6797,2350030,52966,0,1,229124,179486,49218,49599,9595,1495,9599,882,185,1042,1042,932,18890,6604,20878593,2019,130,1283,249,3700212,3700055,1272,118,129,142,216,5630818,3536854,95,186,2538,282,427,0,142,0,888,6599355,3888,0,783,6,1,4,154,1,4,158,2,2,1,6
12752.1,1624996106648,50.012613840,1,0,0,5,10,4,5,144,2,0,0,0,0,78,5687411,0,28,0,60,11733,2379616,53586,0,1,227571,178280,49699,50110,9759,1631,9790,1071,197,1034,1034,938,19099,6682,21097549,2004,133,1278,249,3726185,3726021,1272,118,133,147,220,5687072,3563282,95,190,2530,282,436,0,147,0,893,6643592,3925,0,801,6,1,4,157,1,4,161,2,2,1,6
12802.1,1624996163216,50.012291201,1,0,0,5,10,4,5,136,2,0,0,0,0,94,5638871,0,60,0,62,18575,2297133,53418,0,1,226394,177304,47953,48366,9463,1684,9456,1071,167,1033,1033,987,18135,6470,20716072,2010,128,1270,250,3754928,3754777,1261,118,127,141,212,5638632,3594711,95,185,2554,338,451,0,141,0,880,6703117,3871,0,774,6,1,4,160,1,4,164,2,2,1,6
12852.1,1624996220102,50.012384571,1,0,0,6,14,5,8,358,4,0,0,0,0,123,5672345,0,48,1,73,13770,2357784,55039,1,2,232956,182409,61284,61458,12454,2285,11983,1134,189,1254,1254,1074,25140,8859,21110084,2452,156,1289,278,3743579,3743382,1494,125,152,171,260,5671994,3569903,114,215,3096,296,648,2,173,0,1012,6877153,4375,0,1111,12,2,5,190,3,5,195,4,4,2,12
