time,timestamp,seconds,connectivity,alarmtimer:alarmtimer_fired,alarmtimer:alarmtimer_start,block:block_bio_backmerge,block:block_bio_remap,block:block_dirty_buffer,block:block_getrq,block:block_touch_buffer,block:block_unplug,cachefiles:cachefiles_create,cachefiles:cachefiles_lookup,cachefiles:cachefiles_mark_active,clk:clk_set_rate,cpu-migrations,cs,dma_fence:dma_fence_init,fib:fib_table_lookup,filemap:mm_filemap_add_to_page_cache,gpio:gpio_value,ipi:ipi_raise,irq:irq_handler_entry,irq:softirq_entry,jbd2:jbd2_handle_start,jbd2:jbd2_start_commit,kmem:kfree,kmem:kmalloc,kmem:kmem_cache_alloc,kmem:kmem_cache_free,kmem:mm_page_alloc,kmem:mm_page_alloc_zone_locked,kmem:mm_page_free,kmem:mm_page_pcpu_drain,mmc:mmc_request_start,net:net_dev_queue,net:net_dev_xmit,net:netif_rx,page-faults,pagemap:mm_lru_insertion,preemptirq:irq_enable,qdisc:qdisc_dequeue,random:get_random_bytes,random:mix_pool_bytes_nolock,random:urandom_read,raw_syscalls:sys_enter,raw_syscalls:sys_exit,rpm:rpm_resume,rpm:rpm_suspend,sched:sched_process_exec,sched:sched_process_free,sched:sched_process_wait,sched:sched_switch,sched:sched_wakeup,signal:signal_deliver,signal:signal_generate,skb:consume_skb,skb:kfree_skb,skb:skb_copy_datagram_iovec,sock:inet_sock_set_state,task:task_newtask,tcp:tcp_destroy_sock,tcp:tcp_probe,timer:hrtimer_start,timer:timer_start,udp:udp_fail_queue_rcv_skb,workqueue:workqueue_activate_work,writeback:global_dirty_state,writeback:sb_clear_inode_writeback,writeback:wbc_writepage,writeback:writeback_dirty_inode,writeback:writeback_dirty_inode_enqueue,writeback:writeback_dirty_page,writeback:writeback_mark_inode_dirty,writeback:writeback_pages_written,writeback:writeback_single_inode,writeback:writeback_write_inode,writeback:writeback_written
50.0135,1624966307015,50.013460530,1,0,0,6,15,5,9,209,3,0,0,0,43,40,18137,0,80,0,84,1907,50591,10846,1,2,13637,11633,51384,51837,11324,1610,11298,1134,167,226,227,292,23608,7954,1062806,298,150,217,253,56742,56572,406,124,150,163,210,18130,9585,105,213,894,320,499,11,163,2,196,22194,2726,0,1202,8,2,5,166,1,5,171,8,4,3,12
100.027,1624966362197,50.013434271,1,0,0,5,10,4,5,177,2,0,0,0,40,35,17744,0,47,0,80,1719,49968,9537,0,1,13171,11265,48733,49245,10775,1600,10781,1008,154,172,172,204,21690,7484,1063468,264,152,215,250,55055,54886,381,118,151,163,209,17743,9448,100,212,816,303,458,0,163,0,144,20959,2595,0,1202,8,1,4,174,1,4,178,8,2,1,10
150.043,1624966418036,50.016207063,1,0,0,5,10,4,5,154,2,0,0,0,42,24,17928,0,27,0,79,1775,50129,9906,0,1,12724,10882,47084,47523,10334,1637,10340,1134,177,165,165,186,20930,7215,1059171,252,140,219,249,53293,53146,388,118,139,151,197,17916,9418,100,200,792,301,454,0,151,0,141,21760,2614,0,1191,8,1,4,161,1,4,165,8,2,1,10
200.056,1624966474647,50.013351235,1,0,0,5,10,4,5,167,2,0,0,0,41,45,17817,0,26,0,72,1803,50161,10106,0,1,13075,11155,50340,50754,11055,1978,11076,1386,166,178,178,200,23186,7756,1069487,256,150,215,249,55424,55255,385,118,149,164,208,17822,9388,104,212,807,309,475,0,163,0,157,21444,2605,0,1161,7,1,4,166,1,4,170,7,2,1,9
250.069,1624966529782,50.013083616,1,0,0,5,10,4,5,183,2,0,0,0,34,39,17513,0,28,0,75,1761,49748,9160,0,1,13274,11303,51292,51743,11403,1930,11390,1260,189,180,180,204,23698,7948,1069501,260,158,215,251,56468,56291,400,118,157,171,216,17512,9408,104,220,831,311,484,0,170,0,157,21124,2597,0,1198,7,1,4,176,1,4,180,7,2,1,9
300.082,1624966585150,50.013306462,1,0,0,5,10,4,5,162,2,0,0,0,33,37,17433,0,32,0,77,1669,50021,10012,0,1,12850,11084,48281,48859,10732,1582,10726,1134,58,213,214,227,21570,7486,1059631,292,145,213,253,54223,54056,340,118,144,159,203,17430,9205,100,204,726,309,409,11,157,2,180,21395,2466,0,1108,8,1,4,153,1,4,157,8,2,1,10
350.095,1624966640320,50.013120088,1,0,0,5,10,4,5,153,2,0,0,0,38,17,17392,0,27,0,77,1441,49920,9845,0,1,12427,10732,46847,47259,10322,2009,10327,1134,58,169,169,188,20938,7225,1053796,258,139,212,249,52568,52408,322,118,139,152,197,17391,9193,99,199,681,301,373,0,151,0,141,21643,2427,0,1101,8,1,4,163,1,4,167,8,2,1,10
400.111,1624966695689,50.015900809,1,0,0,5,10,4,5,191,2,0,0,0,49,37,18097,0,34,0,75,1775,50432,10583,0,1,13488,11502,51763,52148,11542,1688,11546,1134,173,186,186,208,23948,8033,1074666,272,162,219,249,57004,56826,399,120,161,174,220,18096,9507,104,224,836,309,477,0,174,0,157,21671,2688,0,1228,8,1,4,196,1,4,200,8,2,1,10
450.124,1624966750664,50.013091065,1,0,0,5,10,4,5,175,2,0,0,0,42,40,18172,0,28,0,77,1813,50350,10615,0,1,13345,11377,50998,51466,11281,1925,11257,1512,166,182,182,206,23485,7852,1072049,264,154,215,251,56393,56228,389,118,153,166,212,18169,9535,104,216,839,317,503,0,167,0,160,22219,2670,0,1208,8,1,4,169,1,4,173,8,2,1,10
500.137,1624966805920,50.013406183,1,0,0,5,10,4,5,162,2,0,0,0,49,41,18054,0,28,0,78,1855,50205,10029,0,1,13012,11104,47714,48171,10496,2025,10496,1449,190,167,167,188,21190,7310,1061287,254,144,216,251,54142,53974,399,119,143,157,201,18051,9501,101,205,815,307,475,0,157,0,144,21982,2661,0,1216,8,1,4,171,1,4,175,8,2,1,10
550.15,1624966861073,50.013283644,1,0,0,5,10,4,5,162,2,0,0,0,50,42,17808,0,26,0,70,1832,49891,9320,0,1,12856,10984,47519,47963,10494,1329,10500,882,185,164,164,183,21195,7313,1057452,248,144,215,249,53808,53644,395,120,143,155,201,17811,9481,100,204,798,299,458,0,155,0,141,21687,2638,0,1186,8,1,4,165,1,4,169,8,2,1,10
600.163,1624966916566,50.013231937,1,0,0,5,10,4,5,167,2,0,0,0,37,50,18092,0,32,0,84,1735,50303,10093,0,1,13027,11067,48952,49389,10976,2410,10934,1764,177,224,225,243,22737,7689,1054277,294,147,216,251,54742,54580,411,117,146,160,201,18089,9508,101,208,861,314,512,11,158,2,192,21622,2649,0,1187,8,1,4,166,1,4,170,8,2,1,10
650.176,1624966972083,50.013226061,1,0,0,5,10,4,5,175,2,0,0,0,36,39,18134,0,27,0,79,1780,50185,10080,0,1,13171,11243,50884,51401,11261,2301,11240,1575,177,180,180,201,23489,7858,1070300,260,153,215,250,56141,55968,392,118,153,166,212,18135,9468,104,216,814,311,475,0,167,0,158,21355,2620,0,1175,8,1,4,175,1,4,179,8,2,1,10
700.189,1624967027844,50.013205912,1,0,0,5,10,4,5,167,2,0,0,0,39,24,17662,0,25,0,83,1723,49956,9851,0,1,12642,10867,48294,48916,10718,2272,10717,1701,58,182,182,206,22364,7509,1060428,264,146,216,251,53406,53240,325,117,145,159,199,17659,9271,99,206,702,316,399,0,157,0,161,21542,2495,0,1151,7,1,4,166,1,4,170,7,2,1,9
750.202,1624967083619,50.013305188,1,0,0,5,10,4,5,162,2,0,0,0,32,48,17573,0,25,0,76,1645,49923,9882,0,1,12615,10886,47618,48050,10512,1641,10517,1134,59,167,167,186,21163,7320,1058449,254,144,212,251,53352,53188,322,120,143,156,201,17570,9185,99,203,683,305,384,0,157,0,145,21243,2455,0,1139,8,1,4,162,1,4,166,8,2,1,10
800.213,1624967139006,50.011431813,1,0,0,5,10,4,5,154,2,0,0,0,36,50,17801,0,26,0,79,1795,49949,9608,0,1,12718,10845,47023,47459,10326,1324,10363,1008,195,165,165,187,20939,7210,1060475,250,140,215,249,53236,53088,399,118,139,152,197,17800,9346,101,201,809,302,469,0,152,0,141,21227,2579,0,1184,6,1,4,158,1,4,162,2,2,1,6
850.227,1624967194526,50.013556492,1,0,0,5,10,4,5,177,2,0,0,0,38,45,18192,0,165,0,68,1852,51180,11420,0,1,14160,12143,51850,52370,11454,1633,11464,1071,194,224,225,485,23911,8041,1080728,294,155,219,251,57192,57018,419,118,154,167,214,18194,9528,105,217,912,531,527,11,167,2,192,20948,2709,0,1167,6,1,4,177,1,4,181,2,2,1,6
900.24,1624967249833,50.013126700,1,0,0,5,10,4,5,166,2,0,0,0,38,60,17981,0,47,0,77,1764,50288,10159,0,1,13310,11346,50574,51048,11145,1666,11135,1197,195,181,181,233,23203,7757,1072137,262,150,216,251,55874,55717,405,119,149,163,208,17978,9464,104,212,852,331,490,0,163,0,159,21342,2621,0,1192,6,1,4,169,1,4,173,2,2,1,6
950.256,1624967305455,50.015720798,1,0,0,5,10,4,5,162,2,0,0,0,44,56,17804,0,38,0,65,1630,50169,9823,0,1,13026,11134,47749,48197,10499,1646,10508,1197,178,170,170,201,21202,7312,1060813,260,144,220,251,54089,53938,395,120,143,156,201,17799,9401,100,204,828,308,472,0,155,0,144,20774,2582,0,1151,6,1,4,156,1,4,160,2,2,1,6
1000.27,1624967360702,50.013463979,1,0,0,5,10,4,5,154,2,0,0,0,43,42,17611,0,36,0,63,1601,50009,9532,0,1,12736,10889,47040,47569,10334,1513,10320,1071,217,164,164,194,20955,7214,1058569,248,140,216,249,53257,53097,410,118,139,152,197,17606,9287,100,200,815,301,457,0,152,0,141,21083,2614,0,1149,6,1,4,153,1,4,157,2,2,1,6
1050.28,1624967416141,50.013221264,1,0,0,5,10,4,5,175,2,0,0,0,40,49,17702,0,46,0,65,1703,50223,10166,0,1,13254,11314,50841,51334,11229,1550,11233,1260,160,178,178,228,23468,7865,1071187,256,153,216,249,55987,55812,381,120,153,167,212,17697,9319,104,216,828,324,488,0,168,0,156,21046,2584,0,1165,6,1,4,162,1,4,166,2,2,1,6
1100.29,1624967471395,50.013400055,1,0,0,5,10,4,5,183,2,0,0,0,49,48,18193,0,39,0,79,1901,50406,10379,0,1,13543,11534,51499,51968,11399,1553,11381,1134,172,183,183,215,23724,7960,1075294,266,158,216,251,57176,56998,394,118,157,170,216,18194,9556,104,220,852,316,496,0,170,0,160,21365,2648,0,1190,6,1,4,163,1,4,167,2,2,1,6
1150.3,1624967526871,50.013422907,1,0,0,5,10,4,5,180,2,0,0,0,32,39,17252,0,31,0,65,1608,49991,9752,0,1,13424,11476,50323,50840,10964,1272,10968,1071,58,219,219,230,22176,7723,1065140,303,147,213,261,56571,56402,345,119,146,158,206,17253,9135,100,205,768,318,447,11,158,2,180,21398,2415,0,1110,6,1,4,178,4,4,182,2,2,1,6
1200.31,1624967581663,50.013396902,1,0,0,5,10,4,5,162,2,0,0,0,39,38,17618,0,28,0,78,1724,50028,9704,0,1,12772,10916,47489,47867,10479,1772,10486,1260,178,165,165,184,21206,7304,1056285,250,144,215,249,53573,53410,390,119,143,155,201,17613,9267,100,204,794,299,455,0,156,0,141,20992,2513,0,1145,6,1,4,163,1,4,167,2,2,1,6
1250.32,1624967637004,50.013231782,1,0,0,5,10,4,5,167,2,0,0,0,45,24,18001,0,26,0,69,1946,50183,10053,0,1,13123,11188,50292,50726,11059,1474,11073,1008,189,179,179,203,23238,7769,1071404,258,150,216,249,55667,55497,399,118,149,162,208,18000,9420,104,212,823,311,481,0,162,0,157,21835,2610,0,1182,6,1,4,152,1,4,156,2,2,1,6
1300.33,1624967691829,50.013228326,1,0,0,5,10,4,5,183,2,0,0,0,41,31,18093,0,26,0,73,1926,50276,10241,0,1,13456,11464,51484,51950,11417,1491,11415,1134,177,187,187,205,23783,7966,1073949,274,158,215,251,56820,56645,399,118,157,172,216,18090,9434,104,220,839,316,485,0,171,0,161,21654,2607,0,1196,6,1,4,166,1,4,170,2,2,1,6
1350.34,1624967747653,50.013026694,1,0,0,5,10,4,5,167,2,0,0,0,39,43,17873,0,25,0,68,1926,50114,10152,0,1,13202,11261,50447,51014,11074,1160,11084,756,154,183,183,205,23242,7767,1067069,266,149,215,251,55772,55616,382,118,149,164,208,17868,9376,104,212,819,317,489,0,163,0,161,21777,2594,0,1181,6,1,4,172,1,4,176,2,2,1,6
1400.35,1624967803361,50.009721063,1,0,0,5,10,4,5,156,2,0,0,0,43,53,17891,0,31,0,74,1787,50293,10021,0,1,12936,11061,47713,48167,10540,1453,10539,819,194,209,209,223,21324,7401,1061749,284,141,216,251,54000,53840,413,118,140,153,199,17888,9399,101,201,833,304,480,11,152,2,176,21059,2657,0,1183,6,1,4,153,1,4,157,2,2,1,6
1450.36,1624967858560,50.013433472,1,0,0,5,10,4,5,170,2,0,0,0,49,44,17946,0,29,0,68,1709,50147,9892,0,1,12948,11072,48013,48495,10665,1653,10654,1071,177,166,166,185,21457,7409,1061858,252,148,215,249,54246,54075,388,118,147,160,205,17941,9401,100,208,793,299,453,0,160,0,141,20895,2606,0,1173,6,1,4,161,1,4,165,2,2,1,6
1500.37,1624967914402,50.012972119,1,0,0,5,10,4,5,167,2,0,0,0,33,27,17962,0,29,0,76,1790,50139,10026,0,1,13045,11139,50294,50810,11070,1978,11104,1260,178,179,179,209,23252,7777,1073136,258,150,219,249,55484,55328,394,118,149,162,208,17965,9410,104,212,812,317,471,0,162,0,157,21062,2603,0,1189,6,1,4,166,1,4,170,2,2,1,6
1550.38,1624967969320,50.013476840,1,0,0,5,10,4,5,175,2,0,0,0,27,42,17490,0,26,0,68,1550,49783,9537,0,1,12915,11121,50860,51433,11266,1916,11255,1386,58,178,178,199,23496,7871,1067250,256,153,212,251,55607,55432,321,118,153,167,212,17485,9188,103,215,697,314,402,0,166,0,157,21218,2405,0,1110,6,1,4,171,1,4,175,2,2,1,6
1600.39,1624968024578,50.013257502,1,0,0,5,10,4,5,161,2,0,0,0,45,24,17211,0,32,0,71,1636,49781,9258,0,1,12728,10993,47638,48172,10518,2017,10526,1260,58,166,166,196,21199,7314,1056514,252,144,212,251,53334,53180,319,118,143,157,201,17215,9190,99,203,693,308,385,0,155,0,144,21248,2485,0,1127,6,1,4,153,1,4,157,2,2,1,6
1650.4,1624968079686,50.013672695,1,0,0,5,10,4,5,162,2,0,0,0,39,20,17688,0,27,0,77,1624,50075,9882,0,1,12754,10902,47495,48036,10481,1835,10488,1071,166,162,162,184,21218,7319,1059215,244,144,214,249,53757,53591,379,118,143,155,201,17685,9292,100,204,783,301,454,0,155,0,140,21635,2565,0,1179,6,1,4,157,1,4,161,2,2,1,6
1700.41,1624968135282,50.013268360,1,0,0,5,10,4,5,177,2,0,0,0,48,49,18289,0,33,0,73,1832,50603,10626,0,1,13533,11532,51554,51956,11414,1867,11430,1260,189,226,226,244,23896,8036,1063821,298,155,217,251,57178,57003,419,118,154,168,214,18284,9562,106,218,881,315,525,11,169,2,192,22488,2741,0,1199,6,1,4,158,1,4,162,2,2,1,6
1750.42,1624968190709,50.013455638,1,0,0,5,10,4,5,175,2,0,0,0,42,42,18117,0,26,0,69,1625,50373,10340,0,1,13330,11366,50988,51502,11249,1547,11260,1197,200,182,182,204,23472,7845,1073485,264,154,220,251,56422,56248,407,118,153,169,212,18114,9528,104,216,840,316,490,0,168,0,161,21212,2691,0,1201,6,1,4,155,1,4,159,2,2,1,6
1800.43,1624968245922,50.013444845,1,0,0,5,10,4,5,162,2,0,0,0,40,47,17787,0,26,0,77,1599,50125,9954,0,1,12933,11065,47735,48188,10534,1583,10524,882,178,169,169,189,21227,7312,1062925,258,144,215,251,54070,53904,398,119,143,155,201,17782,9389,100,204,811,307,468,0,155,0,145,21151,2608,0,1187,6,1,4,163,1,4,167,2,2,1,6
1850.44,1624968301025,50.009880266,1,0,0,5,10,4,5,154,2,0,0,0,36,32,17564,0,27,0,78,1515,49992,9728,0,1,12702,10838,47034,47421,10360,1764,10371,1386,171,165,165,186,20977,7222,1053939,250,139,215,249,53300,53142,383,119,139,152,197,17559,9302,100,200,791,301,460,0,152,0,141,20924,2560,0,1185,6,1,4,160,1,4,164,2,2,1,6
1900.45,1624968356446,50.013389928,1,0,0,5,10,4,5,175,2,0,0,0,42,31,17915,0,27,0,71,1609,50316,10276,0,1,13184,11246,50827,51269,11194,1860,11178,1197,189,178,178,200,23525,7858,1071044,256,154,216,249,56144,55968,398,118,153,166,212,17912,9448,104,216,817,308,476,0,166,0,157,21924,2654,0,1194,6,1,4,158,1,4,162,2,2,1,6
1950.46,1624968411516,50.013460805,1,0,0,5,10,4,5,174,2,0,0,0,33,34,17682,0,53,0,69,1543,50264,10329,0,1,13030,11202,49596,50031,11089,1846,11089,1638,58,230,230,265,23000,7770,1068859,306,151,213,253,54808,54643,346,118,150,164,205,17681,9287,100,211,766,320,424,11,162,2,196,21189,2521,0,1129,6,1,4,168,1,4,172,2,2,1,6
2000.47,1624968466960,50.013265641,1,0,0,5,10,4,5,162,2,0,0,0,31,45,17340,0,38,0,64,1465,49843,9651,0,1,12661,10925,47648,48064,10497,1452,10503,945,58,169,169,199,21207,7316,1057404,258,143,213,251,53357,53195,322,118,143,156,201,17341,9164,99,203,702,306,385,0,156,0,145,20748,2443,0,1115,6,1,4,168,1,4,172,2,2,1,6
2050.49,1624968521897,50.015918278,1,0,0,5,10,4,5,170,2,0,0,0,32,38,17891,0,42,0,83,1680,50202,10111,0,1,12944,11050,48120,48505,10643,1656,10661,1197,179,167,167,201,21437,7417,1063909,254,148,219,249,54326,54165,398,121,147,161,205,17888,9366,100,208,820,301,459,0,160,0,141,21324,2595,0,1192,6,1,4,157,1,4,161,2,2,1,6
2100.5,1624968577711,50.013120366,1,0,0,5,10,4,5,175,2,0,0,0,33,36,17946,0,29,0,69,1787,50066,9847,0,1,13193,11223,50824,51279,11206,1799,11210,1449,177,181,181,203,23493,7857,1071858,261,153,215,249,56083,55913,393,119,153,167,212,17943,9419,105,217,836,309,497,0,168,0,157,21024,2612,0,1186,6,1,4,157,1,4,161,2,2,1,6
2150.51,1624968633904,50.013234004,1,0,0,5,10,4,5,167,2,0,0,0,38,27,17895,0,36,0,81,1543,50355,10361,0,1,13212,11266,50479,50951,11121,1981,11100,1512,194,182,182,216,23272,7765,1068557,264,150,216,250,55752,55585,403,118,149,163,208,17894,9420,104,212,842,315,486,0,163,0,160,20824,2653,0,1177,6,1,4,163,1,4,167,2,2,1,6
2200.52,1624968689636,50.013462782,1,0,0,5,10,4,5,175,2,0,0,0,39,36,17916,0,40,0,70,1619,50389,10507,0,1,13317,11346,51031,51606,11291,2240,11283,1449,200,176,176,213,23513,7890,1072169,252,154,216,251,56342,56168,401,118,153,166,212,17911,9453,104,216,840,315,490,0,166,0,157,21383,2669,0,1200,6,1,4,168,1,4,172,2,2,1,6
2250.53,1624968745147,50.013744848,1,0,0,5,10,4,5,162,2,0,0,0,38,42,17756,0,25,0,76,1534,50218,10085,0,1,12773,10877,45997,46607,10190,1573,10335,1134,178,193,193,211,20549,7115,1056137,274,141,216,251,52731,52567,402,118,140,151,195,17757,9379,97,200,820,310,473,7,151,2,163,21733,2623,0,1187,6,1,4,163,1,4,167,2,2,1,6
2300.55,1624968800234,50.015588320,1,0,0,5,10,4,5,170,2,0,0,0,36,52,17556,0,41,0,71,1538,50106,9949,0,1,12941,11051,48057,48501,10623,1720,10633,1449,172,166,166,199,21418,7407,1058702,252,148,219,249,54139,53984,387,118,147,161,205,17543,9320,100,208,816,302,468,0,160,0,141,20954,2601,0,1178,6,1,4,161,1,4,165,2,2,1,6
2350.57,1624968855684,50.015814040,1,0,0,5,10,4,5,175,2,0,0,0,38,49,17397,0,45,0,78,1590,50001,9958,0,1,12954,11168,50751,51145,12727,3054,12733,2457,58,179,179,218,23534,9345,1073491,258,153,213,250,55408,55234,322,118,153,167,212,17392,9251,103,215,712,308,395,0,167,0,157,21137,2485,0,1156,6,1,4,165,1,4,169,2,2,1,6
2400.58,1624968910739,50.013289201,1,0,0,5,10,4,5,175,2,0,0,0,39,28,17706,0,40,0,86,1614,50127,10158,0,1,13068,11264,50801,51283,11252,1981,11280,1575,58,184,184,220,23527,7868,1069307,268,154,213,251,55512,55339,327,118,153,167,212,17703,9274,103,215,721,317,400,0,166,0,161,20772,2507,0,1158,6,1,4,173,1,4,177,2,2,1,6
2450.6,1624968966199,50.016144654,1,0,0,5,10,4,5,162,2,0,0,0,36,30,17657,0,30,0,81,1522,50144,9963,0,1,12887,11015,47659,48137,10512,1711,10520,1323,171,168,168,191,21224,7326,1054414,256,144,214,251,53853,53693,386,118,143,155,201,17660,9296,100,204,799,306,459,0,156,0,145,21681,2572,0,1181,6,1,4,160,1,4,164,2,2,1,6
2500.62,1624969021577,50.015985903,1,0,0,5,10,4,5,156,2,0,0,0,36,38,17443,0,35,0,71,1605,49986,9507,0,1,12965,11059,47742,48231,10559,1835,10572,1512,183,211,211,231,21362,7412,1054095,288,141,215,251,54155,53993,410,118,140,154,199,17439,9363,102,202,846,306,492,11,154,2,177,21322,2620,0,1180,6,1,4,157,1,4,161,2,2,1,6
2550.63,1624969076817,50.013498466,1,0,0,5,10,4,5,175,2,0,0,0,35,41,18112,0,27,0,76,1779,50283,10363,0,1,13206,11238,50825,51343,11233,1672,11235,1260,189,182,182,201,23555,7863,1072036,264,153,216,249,56170,55997,402,118,153,167,212,18111,9467,104,216,836,308,488,0,167,0,158,21046,2627,0,1207,6,1,4,173,1,4,177,2,2,1,6
2600.65,1624969132083,50.015892522,1,0,0,5,10,4,5,175,2,0,0,0,37,43,17974,0,26,0,78,1771,50331,10382,0,1,13349,11370,51017,51439,11282,1799,11281,1323,177,186,186,209,23539,7896,1071439,272,153,220,251,56442,56269,398,118,153,166,212,17965,9437,104,216,840,318,489,0,167,0,163,21852,2595,0,1184,6,1,4,182,1,4,186,2,2,1,6
2650.66,1624969187493,50.013673994,1,0,0,5,10,4,5,162,2,0,0,0,37,36,17259,0,26,0,84,1563,49843,9349,0,1,12968,11076,47776,48051,10498,1457,10471,1071,183,168,168,189,21248,7316,1055326,256,144,216,251,54159,53992,398,118,143,151,201,17262,9303,100,204,817,307,475,0,156,0,146,21256,2572,0,1183,6,1,4,164,1,4,168,2,2,1,6
2700.67,1624969243557,50.009981357,1,0,0,5,10,4,5,154,2,0,0,0,34,48,17620,0,26,0,82,1823,49946,9660,0,1,12703,10826,47062,47556,10343,1764,10339,1197,206,164,164,186,20977,7216,1059023,248,140,216,249,53367,53207,403,118,139,152,197,17619,9339,101,201,813,301,472,0,152,0,141,21550,2580,0,1182,6,1,4,169,1,4,173,2,2,1,6
2750.68,1624969298263,50.013196667,1,0,0,5,10,4,5,154,2,0,0,0,37,43,17399,0,36,0,71,1735,49808,9414,0,1,12728,10855,47007,47776,10349,1514,10354,1071,166,163,163,196,21084,7219,1055553,246,140,215,249,53127,52969,380,119,139,161,198,17398,9303,100,200,793,302,455,0,152,0,141,20178,2567,0,1161,6,1,4,161,1,4,165,2,2,1,6
2800.69,1624969353096,50.010876949,1,0,0,5,10,4,5,175,2,0,0,0,35,41,17160,0,25,0,71,1541,49660,9174,0,1,12987,11185,50864,51502,11229,1791,11245,1386,58,180,180,201,23552,7878,1062071,260,154,212,251,55600,55427,323,118,153,166,212,17151,9191,103,215,703,314,404,0,166,0,160,21078,2437,0,1135,6,1,4,173,1,4,177,2,2,1,6
2850.7,1624969408317,50.014699654,1,0,0,5,10,4,5,167,2,0,0,0,34,33,17399,0,26,0,68,1492,49926,9340,0,1,13224,11285,50214,49983,11097,1980,10968,1512,183,188,188,207,23080,7755,1062202,276,150,219,251,55784,55619,404,118,149,157,207,17396,9317,101,208,848,317,492,0,163,0,161,20607,2591,0,1145,6,1,4,166,1,4,170,2,2,1,6
2900.71,1624969463833,50.014183577,1,0,0,5,10,4,5,170,2,0,0,0,29,43,17685,0,28,0,76,1558,50109,10058,0,1,12884,10979,48045,48515,10644,1529,10642,1134,177,168,168,185,21466,7416,1063491,256,147,215,249,54323,54163,390,119,147,161,205,17680,9321,100,208,815,301,473,0,161,0,139,21434,2556,0,1164,6,1,4,164,1,4,168,2,2,1,6
2950.73,1624969518985,50.015976555,1,0,0,5,10,4,5,170,2,0,0,0,25,59,17640,0,32,0,76,1571,49975,9750,0,1,12892,10990,48061,48395,10647,1781,10640,1197,194,171,171,191,21484,7414,1061611,262,148,215,249,54305,54141,402,118,147,159,205,17635,9310,100,208,818,302,462,0,160,0,141,21302,2535,0,1167,6,1,4,157,1,4,161,2,2,1,6
3000.75,1624969575123,50.015814906,1,0,0,5,10,4,5,175,2,0,0,0,29,49,17566,0,34,0,84,1479,49996,9813,0,1,13240,11295,51014,51410,11320,2050,11301,1386,183,183,183,210,23548,7878,1067971,266,154,215,250,56233,56056,399,118,153,166,212,17561,9375,104,216,840,312,488,0,166,0,160,20557,2570,0,1185,6,1,4,162,1,4,166,2,2,1,6
3050.76,1624969630181,50.013343322,1,0,0,5,10,4,5,177,2,0,0,0,31,67,17945,0,33,0,72,1730,50203,10108,0,1,13496,11515,51727,52223,11496,2055,11478,1449,166,229,229,247,23936,8054,1072792,304,155,215,253,57186,57009,409,119,154,168,214,17944,9417,105,217,861,321,505,11,167,2,196,21197,2598,0,1158,6,1,4,176,1,4,180,2,2,1,6
3100.77,1624969685565,50.012631055,1,0,0,5,10,4,5,162,2,0,0,0,34,41,17513,0,37,0,67,1562,50065,10057,0,1,12858,10976,47640,48029,10512,1838,10518,1449,178,165,165,196,21205,7314,1059882,250,144,219,250,53814,53653,390,118,143,156,201,17508,9294,100,204,814,303,465,0,157,0,142,21214,2565,0,1132,6,1,4,159,1,4,163,2,2,1,6
3150.78,1624969740861,50.013221233,1,0,0,5,10,4,5,162,2,0,0,0,37,46,18006,0,43,0,71,1732,50221,9998,0,1,12852,10979,47588,48159,10475,1646,10487,1260,196,165,165,199,21201,7318,1064224,250,144,215,249,53870,53709,401,120,143,157,201,18005,9430,100,204,827,299,470,0,155,0,141,21606,2634,0,1183,6,1,4,157,1,4,161,2,2,1,6
3200.8,1624969796340,50.018682590,1,0,0,5,10,4,5,167,2,0,0,0,37,39,17704,0,27,0,77,1619,50021,9840,0,1,12948,11157,50283,50694,11073,1405,11068,1008,58,191,191,208,23252,7766,1066798,282,150,212,250,55168,55005,334,118,149,164,208,17700,9286,103,211,724,315,398,0,162,0,160,21504,2474,0,1152,6,1,4,166,1,4,170,2,2,1,6
3250.81,1624969851619,50.013316389,1,0,0,5,10,4,5,183,2,0,0,0,36,29,17549,0,42,0,79,1608,50041,10078,0,1,13204,11377,51395,51898,11357,1863,11363,1386,58,189,189,218,23753,7956,1071349,278,158,212,251,56128,55949,332,119,157,170,216,17546,9269,103,219,736,314,404,0,170,0,161,21033,2473,0,1122,6,1,4,177,1,4,181,2,2,1,6
3300.82,1624969906998,50.009907370,1,0,0,5,10,4,5,156,2,0,0,0,44,35,17730,0,45,0,77,1557,50368,10256,0,1,13029,11148,47680,48072,10504,2208,10360,1512,172,189,189,222,21197,7343,1060346,276,140,216,253,54136,53974,399,118,139,151,196,17727,9370,100,200,843,311,480,4,151,0,160,21304,2627,0,1158,6,1,4,161,1,4,165,2,2,1,6
3350.83,1624969962108,50.013484157,1,0,0,5,10,4,5,162,2,0,0,0,42,36,17593,0,30,0,70,1568,50044,9586,0,1,12825,10953,47543,48000,10478,1268,10474,819,171,163,163,184,21211,7322,1059163,246,144,215,249,53848,53682,381,118,143,155,201,17592,9279,100,204,790,300,460,0,155,0,139,21151,2561,0,1145,6,1,4,159,1,4,163,2,2,1,6
3400.84,1624970017450,50.013309711,1,0,0,5,10,4,5,175,2,0,0,0,39,48,17853,0,26,0,72,1697,50152,9881,0,1,13189,11234,50808,51309,11218,1863,11217,1323,184,179,179,202,23537,7867,1071585,258,153,220,249,55862,55691,397,120,153,169,212,17852,9361,104,216,818,310,480,0,168,0,157,21290,2599,0,1155,6,1,4,158,1,4,162,2,2,1,6
3450.85,1624970072270,50.013235423,1,0,0,5,10,4,5,175,2,0,0,0,38,47,17766,0,26,0,73,1647,50090,9856,0,1,13341,11369,51047,51672,11293,1672,11299,1071,193,182,182,204,23530,7869,1070089,264,154,216,251,56410,56235,408,118,153,169,212,17763,9394,104,216,852,316,501,0,167,0,161,21341,2609,0,1181,8,1,4,174,1,4,178,8,2,1,10
3500.86,1624970127561,50.013416969,1,0,0,5,10,4,5,162,2,0,0,0,47,55,17438,0,26,0,78,1749,49783,9009,0,1,13004,11113,47755,48257,10529,1835,10535,1134,172,169,169,191,21207,7329,1057254,258,144,216,251,53954,53787,394,118,143,156,201,17435,9376,100,204,818,309,475,0,156,0,145,21129,2593,0,1165,8,1,4,167,1,4,171,8,2,1,10
3550.88,1624970183064,50.016860326,1,0,0,5,10,4,5,162,2,0,0,0,38,38,17911,0,26,0,68,1680,49937,9364,0,1,12748,10894,47368,48169,10492,1390,10483,1008,172,162,162,182,21164,7289,1060946,244,144,215,239,53696,53531,383,118,142,154,199,17910,9363,99,203,789,300,455,0,154,0,139,20952,2547,0,1159,8,1,4,162,1,4,166,8,2,1,10
3600.9,1624970238786,50.015877660,1,0,0,5,10,4,5,164,2,0,0,0,43,31,17533,0,33,0,69,1548,50162,10151,0,1,12803,11054,48146,48788,10682,1456,10682,1071,58,210,210,224,21691,7490,1060761,286,145,213,251,54013,53854,336,118,144,162,204,17528,9219,100,204,713,304,403,11,157,2,176,21052,2518,0,1126,8,1,4,152,1,4,156,8,2,1,10
3650.91,1624970294740,50.013424167,1,0,0,5,10,4,5,167,2,0,0,0,42,31,17424,0,26,0,73,1575,49962,9689,0,1,12904,11124,50277,50763,11078,1405,11082,1071,58,182,182,203,23240,7768,1064177,264,150,217,250,54979,54814,325,118,149,163,208,17421,9202,103,211,703,312,399,0,162,0,160,21304,2466,0,1155,8,1,4,168,1,4,172,8,2,1,10
3700.92,1624970350022,50.013285043,1,0,0,5,10,4,5,175,2,0,0,0,40,37,17844,0,26,0,68,1655,50252,10085,0,1,13337,11377,51016,51492,11260,1735,11243,1323,189,188,188,203,23532,7865,1071700,276,154,216,251,56236,56067,408,118,153,167,212,17839,9393,104,216,838,315,480,0,167,0,161,21446,2636,0,1213,8,1,4,161,1,4,165,8,2,1,10
3750.93,1624970405522,50.013428836,1,0,0,5,10,4,5,154,2,0,0,0,42,32,17633,0,26,0,65,1599,50106,9851,0,1,12807,10922,47090,47671,10376,1450,10366,882,183,166,166,188,20972,7218,1057969,252,140,216,250,53476,53315,392,117,139,156,197,17632,9323,101,201,809,305,475,0,152,0,142,21266,2588,0,1144,8,1,4,151,1,4,155,8,2,1,10
3800.94,1624970460831,50.012966279,1,0,0,5,10,4,5,170,2,0,0,0,44,30,17681,0,28,0,79,1558,50143,9942,0,1,12952,11045,47947,48531,10668,1403,10657,819,177,165,165,185,21456,7421,1058723,250,147,215,249,54362,54207,387,118,147,161,205,17680,9374,100,208,803,300,467,0,159,0,141,21486,2601,0,1163,8,1,4,152,1,4,156,8,2,1,10
3850.96,1624970516493,50.016118448,1,0,0,5,10,4,5,169,2,0,0,0,38,69,18118,0,42,0,70,1788,50437,10322,0,1,13477,11481,51146,51660,11301,1670,11308,1071,200,230,230,258,23646,7939,1073261,306,150,217,252,56613,56443,428,118,150,169,211,18115,9506,105,213,894,320,516,11,164,2,195,20807,2692,0,1150,8,1,4,166,1,4,170,8,2,1,10
3900.97,1624970572073,50.013203715,1,0,0,5,10,4,5,175,2,0,0,0,41,48,18038,0,26,0,66,1679,50198,10018,0,1,13344,11359,51051,51497,11235,1168,11233,819,189,180,180,203,23530,7865,1070624,260,153,215,251,56500,56330,400,118,153,166,212,18039,9500,104,216,841,316,499,0,168,0,160,21329,2632,0,1192,8,1,4,175,1,4,179,8,2,1,10
3950.98,1624970627840,50.013100536,1,0,0,5,10,4,5,162,2,0,0,0,43,55,17721,0,29,0,66,1521,50089,9601,0,1,12925,11036,47687,48152,11984,3160,12026,2646,190,166,166,189,21250,8802,1064836,252,143,220,251,54216,54064,399,118,143,157,201,17720,9387,100,204,807,305,460,0,157,0,141,21198,2612,0,1177,7,1,4,163,1,4,167,7,2,1,9
4000.99,1624970683123,50.014284801,1,0,0,5,10,4,5,162,2,0,0,0,37,37,17586,0,26,0,64,1513,49975,9798,0,1,12579,10835,47439,47899,10494,1387,10484,882,134,164,164,184,21159,7288,1056776,248,144,214,249,53284,53126,363,118,143,155,201,17581,9292,100,204,722,297,395,0,155,0,141,20956,2551,0,1161,8,1,4,151,1,4,155,8,2,1,10
4051,1624970738465,50.013475273,1,0,0,5,10,4,5,173,2,0,0,0,43,46,17287,0,26,0,78,1543,49787,9344,0,1,12881,11103,50459,50988,11202,1723,11194,1071,58,178,178,200,23406,7825,1062631,258,152,213,249,54986,54826,322,118,151,166,209,17283,9249,103,213,692,308,393,0,163,0,157,21214,2475,0,1151,8,1,4,172,1,4,176,8,2,1,10
4101.01,1624970793893,50.009796775,1,0,0,5,10,4,5,183,2,0,0,0,35,52,18051,0,38,0,71,1645,50321,10429,0,1,13482,11485,51523,52070,11399,1869,11385,1260,172,187,187,216,23771,7960,1072523,274,157,215,251,56957,56781,398,118,157,171,216,18050,9520,104,220,859,317,497,0,170,0,161,21164,2639,0,1173,8,1,4,156,1,4,160,8,2,1,10
4151.02,1624970848966,50.013264093,1,0,0,5,10,4,5,164,2,0,0,0,44,42,17482,0,32,0,70,1594,50106,9553,0,1,13202,11288,48407,48990,10733,1903,10714,1260,177,218,218,228,21623,7497,1061998,302,145,216,253,54773,54605,413,119,144,158,203,17487,9376,101,205,850,311,487,11,156,2,180,21014,2653,0,1167,8,1,4,156,1,4,160,8,2,1,10
4201.04,1624970904563,50.015612347,1,0,0,5,10,4,5,170,2,0,0,0,46,42,17759,0,42,0,75,1598,50251,10090,0,1,13080,11163,48130,48573,10651,1341,10663,945,195,168,168,203,21450,7413,1063130,256,148,220,250,54363,54207,401,119,147,160,205,17749,9471,100,208,831,305,468,0,159,0,142,21472,2696,0,1206,8,1,4,165,1,4,169,8,2,1,10
4251.06,1624970959645,50.015927753,1,0,0,5,10,4,5,170,2,0,0,0,42,44,17919,0,44,0,72,1608,50279,10137,0,1,12945,11049,48032,48424,10650,1782,10652,1134,190,161,161,198,21460,7397,1062852,242,148,216,249,54231,54067,393,122,147,160,205,17914,9441,100,208,819,299,468,0,160,0,138,22007,2676,0,1195,8,1,4,160,1,4,164,8,2,1,10
4301.07,1624971014947,50.013336244,1,0,0,5,10,4,5,191,2,0,0,0,42,46,17876,0,78,0,75,1715,50416,10525,0,1,13553,11563,51823,52368,11538,1693,11533,1134,172,183,183,255,24009,8048,1076894,266,161,217,250,56937,56753,394,118,161,174,220,17875,9539,104,224,880,308,483,0,175,0,159,21364,2699,0,1179,8,1,4,160,1,4,164,8,2,1,10
4351.08,1624971069750,50.013222444,1,0,0,5,10,4,5,167,2,0,0,0,45,39,18167,0,75,0,70,1636,50676,11041,0,1,13396,11441,50572,51071,11120,2172,11121,1575,172,182,182,253,23263,7758,1072883,264,149,216,251,55824,55656,393,119,149,162,208,18164,9571,104,212,875,316,488,0,162,0,161,21018,2760,0,1186,8,1,4,181,1,4,185,8,2,1,10
4401.09,1624971125389,50.013365569,1,0,0,5,10,4,5,156,2,0,0,0,38,51,18018,0,81,0,70,1619,50644,10942,0,1,13143,11243,47899,48292,10583,1584,10584,1134,195,213,213,277,21361,7402,1064578,292,141,217,252,54229,54070,420,120,140,152,199,18018,9487,101,201,888,306,482,11,152,2,178,21618,2763,0,1183,8,1,4,157,1,4,161,8,2,1,10
4451.1,1624971180683,50.011467720,1,0,0,5,10,4,5,153,2,0,0,0,32,47,17462,0,75,0,69,1427,50143,10210,0,1,12384,10702,46383,46364,10222,1823,10104,1386,58,164,164,233,20757,7139,1055006,248,139,213,249,51967,51810,317,121,138,148,192,17463,9205,97,196,718,298,373,0,151,0,141,21432,2489,0,1101,8,1,4,158,1,4,162,8,2,1,10
4501.11,1624971236553,50.013085483,1,0,0,5,10,4,5,175,2,0,0,0,38,40,18275,0,75,0,76,1913,50555,10825,0,1,13395,11438,51077,51591,11268,1550,11276,1197,189,179,179,250,23527,7861,1075265,258,154,216,250,56258,56098,403,119,153,167,212,18270,9583,104,216,877,312,485,0,167,0,159,21812,2729,0,1219,8,1,4,161,1,4,165,8,2,1,10
4551.12,1624971291556,50.013319044,1,0,0,5,10,4,5,167,2,0,0,0,41,45,18084,0,74,0,80,1880,50469,10803,0,1,13373,11415,50587,51125,11132,1920,11130,1386,170,181,181,254,23273,7769,1075462,262,149,216,251,55829,55656,386,119,149,162,208,18079,9533,104,212,868,318,487,0,162,0,160,21383,2684,0,1182,6,1,4,170,1,4,174,2,2,1,6
4601.13,1624971346924,50.013407086,1,0,0,5,10,4,5,162,2,0,0,0,50,50,17371,0,74,0,77,1705,49851,9369,0,1,13044,11172,47683,48188,10500,1967,10512,1449,170,165,165,232,21239,7318,1058488,250,144,216,250,53854,53688,380,119,143,157,201,17368,9406,100,204,837,302,464,0,157,0,142,20836,2641,0,1180,6,1,4,167,1,4,171,2,2,1,6
4651.14,1624971402420,50.013222321,1,0,0,5,10,4,5,162,2,0,0,0,44,61,17836,0,74,0,64,1608,50406,10419,0,1,13029,11134,47703,48132,10468,1715,10481,1449,189,166,166,235,21234,7302,1064467,252,144,216,249,53961,53798,396,119,143,155,201,17836,9453,100,204,861,302,469,0,156,0,141,21737,2701,0,1186,6,1,4,168,1,4,172,2,2,1,6
4701.15,1624971457583,50.013319435,1,0,0,5,10,4,5,175,2,0,0,0,41,58,17732,0,81,0,75,1793,50253,9858,0,1,13673,11688,51804,52326,11497,1932,11480,1386,195,227,227,293,23903,8036,1074650,300,155,217,252,57069,56893,424,118,154,168,214,17727,9543,105,217,930,317,515,11,167,2,196,21289,2703,0,1182,6,1,4,168,1,4,172,2,2,1,6
4751.16,1624971512395,50.013215256,1,0,0,5,10,4,5,175,2,0,0,0,41,65,17660,0,74,0,62,1646,50087,9782,0,1,13544,11541,51133,51556,11249,1677,11275,1323,188,184,184,254,23507,7862,1072938,268,154,220,251,56485,56312,401,119,153,168,212,17657,9510,105,217,894,317,504,0,168,0,162,21003,2675,0,1163,6,1,4,164,1,4,168,2,2,1,5
4801.18,1624971567723,50.015719766,1,0,0,5,10,4,5,162,2,0,0,0,41,36,17984,0,73,0,72,1606,50304,10264,0,1,13134,11178,47736,48117,10544,1399,10542,1071,196,166,166,234,21199,7314,1063914,252,143,216,250,54272,54115,403,120,143,156,201,17979,9501,102,206,889,303,511,0,156,0,143,20742,2665,0,1184,4,1,4,158,1,4,162,2,2,1,4
4851.2,1624971623099,50.015584967,1,0,0,5,10,4,5,162,2,0,0,0,39,30,17341,0,74,0,83,1411,49960,9732,0,1,12710,11001,47488,47965,10465,1580,10471,882,58,166,166,235,21186,7316,1058878,252,143,213,249,53007,52856,323,118,143,157,201,17342,9239,99,203,726,300,377,0,155,0,142,20637,2484,0,1112,6,1,4,169,1,4,173,2,2,1,6
4901.21,1624971678167,50.013167994,1,0,0,5,10,4,5,175,2,0,0,0,44,49,17821,0,79,0,63,1708,50258,10334,0,1,13416,11477,50986,51561,11240,1549,11264,945,110,183,183,252,23495,7863,1073627,266,154,214,250,56068,55908,356,118,153,168,212,17824,9375,103,215,852,312,482,0,166,0,159,21513,2589,0,1136,6,1,4,159,1,4,163,2,2,1,6
4951.22,1624971734031,50.009746130,1,0,0,5,10,4,5,175,2,0,0,0,40,45,18493,0,80,0,71,1891,50859,11370,0,1,13773,11727,51844,52338,11507,1869,11481,1260,207,227,227,290,23905,8046,1081964,300,155,217,253,57527,57361,432,119,154,168,214,18490,9654,105,217,956,320,549,11,167,2,194,21564,2775,0,1198,6,1,4,175,1,4,179,2,2,1,6
5001.23,1624971789331,50.013379507,1,0,0,5,10,4,5,162,2,0,0,0,47,46,17702,0,73,0,72,1725,50239,9992,0,1,13096,11195,47694,48260,10508,1965,10517,1449,166,170,170,235,21233,7310,1061583,260,144,220,250,53810,53647,391,117,143,156,201,17699,9424,100,204,860,305,468,0,155,0,142,21431,2647,0,1163,6,1,4,153,1,4,157,2,2,1,5
5051.24,1624971844600,50.013265636,1,0,0,5,10,4,5,170,2,0,0,0,45,23,18134,0,75,0,73,1622,50699,11054,0,1,13290,11298,48217,48607,10679,1974,10656,1323,189,169,169,234,21459,7413,1067710,258,148,216,250,54817,54649,399,118,147,162,205,18131,9542,102,210,903,304,522,0,160,0,141,21508,2771,0,1221,8,1,4,157,1,4,161,8,2,1,10
5101.25,1624971900136,50.013114019,1,0,0,5,10,4,5,162,2,0,0,0,43,39,17499,0,53,0,79,1586,50061,9776,0,1,12938,11040,47570,47995,10523,1585,10509,882,172,165,165,212,21304,7322,1060007,250,144,215,249,53767,53613,386,118,143,156,202,17500,9414,100,204,827,302,465,0,155,0,140,21163,2671,0,1203,8,1,4,165,1,4,169,8,2,1,10
5151.26,1624971955369,50.013332220,1,0,0,5,10,4,5,167,2,0,0,0,37,45,17367,0,27,0,84,1523,49856,9248,0,1,13192,11239,50446,50921,11132,2106,11100,1512,195,185,185,204,23275,7769,1064835,270,150,215,250,55696,55531,409,118,149,163,209,17366,9374,104,212,847,313,495,0,164,0,160,20537,2635,0,1226,8,1,4,158,1,4,162,8,2,1,10
5201.27,1624972010629,50.013273968,1,0,0,5,10,4,5,183,2,0,0,0,47,34,17978,0,27,0,72,1614,50364,10396,0,1,13617,11568,51575,52046,11402,2059,11409,1386,177,191,191,206,23734,7971,1074832,282,158,215,251,57183,57003,407,118,157,171,216,17976,9458,105,221,872,317,523,0,172,0,161,21523,2675,0,1208,7,1,4,164,1,4,168,7,2,1,9
5251.28,1624972066309,50.013147021,1,0,0,5,10,4,5,172,2,0,0,0,40,28,17590,0,36,0,77,1563,50265,10354,0,1,12954,11177,48682,49162,10824,1967,10837,1323,59,216,216,227,21894,7594,1048610,298,149,213,252,54582,54415,344,120,148,161,207,17589,9255,100,208,732,306,407,11,160,2,177,21580,2521,0,1136,8,1,4,164,1,4,168,8,2,1,10
5301.29,1624972121824,50.013280237,1,0,0,5,10,4,5,162,2,0,0,0,35,28,17425,0,26,0,78,1491,49814,9563,0,1,12521,10801,47410,48132,10496,1702,10519,1260,58,165,165,186,21215,7317,1056359,250,144,216,249,53075,52923,318,118,143,157,201,17420,9173,99,203,677,300,378,0,155,0,141,21422,2449,0,1143,8,1,4,150,1,4,154,8,2,1,10
5351.3,1624972177409,50.013127104,1,0,0,5,10,4,5,175,2,0,0,0,51,41,17768,0,27,0,80,1520,50260,10041,0,1,13400,11396,50939,51378,11258,1545,11299,1008,172,183,183,204,23568,7877,1072018,266,154,216,250,56265,56096,394,119,153,166,212,17769,9440,104,216,845,313,504,0,166,0,160,21406,2657,0,1202,8,1,4,170,1,4,174,8,2,1,10
5401.31,1624972232781,50.013519342,1,0,0,5,10,4,5,175,2,0,0,0,44,46,18080,0,26,0,72,1837,50360,10279,0,1,13446,11423,51034,51632,11274,1861,11255,1386,231,184,184,203,23554,7888,1074680,268,154,216,251,56687,56511,432,118,153,169,212,18079,9512,105,217,886,315,527,0,167,0,161,21325,2711,0,1205,7,1,4,170,1,4,174,7,2,1,9
5451.33,1624972288143,50.015942203,1,0,0,5,10,4,5,162,2,0,0,0,42,52,17933,0,26,0,70,1716,50207,10085,0,1,12919,11007,47579,47971,10543,1521,10526,1134,184,168,168,188,21236,7314,1061331,256,144,216,250,53800,53638,397,119,143,157,201,17926,9432,100,204,817,305,469,0,156,0,142,21325,2651,0,1199,8,1,4,151,1,4,155,8,2,1,10
5501.34,1624972343399,50.013355869,1,0,0,5,10,4,5,156,2,0,0,0,34,40,17411,0,32,0,74,1566,50019,9669,0,1,12962,11027,47399,47865,10444,1516,10444,1008,178,211,211,224,21090,7285,1040335,288,140,215,250,53857,53710,409,118,139,153,196,17408,9278,100,200,854,304,507,11,152,2,176,21147,2591,0,1164,8,1,4,163,1,4,167,8,2,1,10
5551.36,1624972398726,50.016078272,1,0,0,5,10,4,5,175,2,0,0,0,33,50,17662,0,27,0,77,1554,50190,10145,0,1,13256,11307,51020,51489,12733,3122,12758,2520,177,184,184,206,23556,9340,1078254,268,153,219,251,56215,56045,396,119,153,167,212,17657,9367,104,216,832,314,488,0,167,0,160,21416,2633,0,1175,8,1,4,177,1,4,181,8,2,1,10
5601.37,1624972454153,50.009948470,1,0,0,5,10,4,5,167,2,0,0,0,29,38,17526,0,25,0,79,1596,50064,9936,0,1,13168,11187,50512,51072,11118,1853,11104,1323,196,179,179,199,23295,7777,1064647,258,150,215,251,56017,55852,405,120,149,162,208,17523,9353,105,213,840,316,506,0,163,0,157,20629,2584,0,1190,8,1,4,161,1,4,165,8,2,1,10
5651.38,1624972509091,50.013325989,1,0,0,5,10,4,5,162,2,0,0,0,26,36,17343,0,25,0,80,1427,49736,9500,0,1,12495,10779,47485,48048,10484,1576,10477,1008,58,166,166,185,21200,7316,1054160,252,144,212,250,53271,53107,319,118,143,156,201,17342,9169,99,203,677,303,377,0,155,0,141,21255,2400,0,1137,8,1,4,157,1,4,161,8,2,1,10
5701.39,1624972564933,50.013525442,1,0,0,5,10,4,5,154,2,0,0,0,20,52,17260,0,26,0,73,1450,49628,9317,0,1,12324,10623,46913,47416,10364,1253,10366,819,58,164,164,183,20988,7225,1053930,248,140,211,250,52567,52406,317,118,139,154,197,17257,9072,99,199,670,302,374,0,151,0,140,21501,2337,0,1103,8,1,4,147,1,4,151,8,2,1,10
5751.4,1624972619962,50.013353504,1,0,0,5,10,4,5,186,2,0,0,0,35,36,17868,0,27,0,74,1601,50245,10196,0,1,13529,11514,52704,53196,11622,1694,11633,1134,190,188,188,209,24355,8135,1078965,276,162,216,250,57611,57427,411,118,161,176,223,17867,9425,106,225,874,318,516,0,177,0,160,21350,2633,0,1197,8,1,4,165,1,4,169,8,2,1,10
5801.41,1624972675604,50.013789636,1,0,0,5,10,4,5,169,2,0,0,0,47,29,17819,0,32,0,79,1584,50432,10094,0,1,13266,11284,49954,50176,11150,1415,11106,1071,194,233,233,243,23353,7856,1069952,312,150,217,252,55438,55274,431,118,149,158,205,17818,9402,103,210,884,316,515,11,163,2,195,21435,2688,0,1193,8,1,4,158,1,4,162,8,2,1,10
5851.42,1624972730543,50.013095730,1,0,0,5,10,4,5,183,2,0,0,0,47,20,17884,0,27,0,81,1629,50383,10408,0,1,13438,11430,51363,51799,11408,1994,11414,1575,189,181,181,201,23708,7964,1073863,264,157,220,250,56784,56607,402,118,157,169,215,17885,9460,104,220,851,311,511,0,170,0,158,21240,2679,0,1241,8,1,4,167,1,4,171,8,2,1,10
5901.44,1624972786019,50.017034675,1,0,0,5,10,4,5,162,2,0,0,0,40,39,17777,0,26,0,75,1674,50071,9680,0,1,12889,10989,46666,47851,10292,1572,10433,1323,189,168,168,187,20658,7167,1058926,256,143,215,250,53357,53206,398,118,140,155,197,17776,9402,98,202,812,304,466,0,152,0,142,21420,2610,0,1200,8,1,4,163,1,4,167,8,2,1,10
5951.45,1624972841236,50.013238287,1,0,0,5,10,4,5,154,2,0,0,0,41,39,17467,0,26,0,76,1561,50005,9497,0,1,12829,10949,47163,47702,10356,1574,10344,756,177,168,168,187,21008,7223,1058301,256,140,215,250,53494,53335,394,118,139,152,197,17461,9292,100,200,808,304,470,0,151,0,144,21266,2596,0,1186,8,1,4,159,1,4,163,8,2,1,10
6001.46,1624972896413,50.013358506,1,0,0,5,10,4,5,183,2,0,0,0,34,45,17395,0,27,0,76,1661,49945,9524,0,1,13478,11458,51472,51963,11396,1493,11405,1008,183,190,190,212,23765,7969,1067007,280,158,215,250,56870,56681,406,118,157,171,216,17392,9389,105,221,865,319,509,0,172,0,160,21019,2622,0,1199,8,1,4,170,1,4,174,8,2,1,10
6051.47,1624972951621,50.013191126,1,0,0,5,10,4,5,169,2,0,0,0,48,50,17665,0,32,0,74,1804,50076,9426,0,1,13549,11534,51195,51631,11305,1668,11316,1260,189,230,230,244,23671,7951,1058949,306,150,217,253,56876,56710,423,118,150,167,210,17662,9509,105,213,885,320,526,11,163,2,196,21507,2691,0,1189,8,1,4,157,1,4,161,8,2,1,10
6101.48,1624973006720,50.013416980,1,0,0,5,10,4,5,162,2,0,0,0,43,40,17222,0,26,0,75,1600,49622,8923,0,1,12613,10893,47476,47957,10479,1955,10477,1386,58,168,168,188,21243,7316,1054446,256,143,217,250,53089,52923,321,118,143,155,201,17217,9152,99,203,686,304,380,0,156,0,142,21128,2447,0,1140,8,1,4,147,1,4,151,8,2,1,10
6151.49,1624973062139,50.013136171,1,0,0,5,10,4,5,162,2,0,0,0,45,55,17890,0,29,0,76,1779,50168,10057,0,1,12889,10989,47553,47952,10480,1456,10492,1197,171,167,167,185,21260,7312,1064913,254,144,215,249,53895,53735,385,118,143,155,201,17887,9401,100,204,810,299,476,0,155,0,141,21666,2604,0,1189,8,1,4,161,1,4,165,8,2,1,10
6201.5,1624973117568,50.013673229,1,0,0,5,10,4,5,175,2,0,0,0,40,46,17885,0,30,0,64,1653,50256,10190,0,1,13288,11319,50885,51488,11242,1483,11241,1071,178,184,184,206,23524,7868,1073512,268,154,215,250,56125,55950,399,118,153,167,212,17884,9396,104,216,832,314,481,0,167,0,159,21496,2630,0,1185,8,1,4,155,1,4,159,8,2,1,10
6251.51,1624973172679,50.012860765,1,0,0,5,10,4,5,175,2,0,0,0,38,45,17763,0,26,0,87,1641,50134,9974,0,1,13253,11301,50965,51406,11220,1482,11236,882,183,178,178,199,23480,7864,1072988,256,154,215,251,56185,56025,394,118,153,166,212,17760,9367,104,216,829,315,495,0,166,0,157,21377,2597,0,1197,8,1,4,160,1,4,164,8,2,1,10
6301.52,1624973227997,50.013367260,1,0,0,5,10,4,5,162,2,0,0,0,33,39,17778,0,26,0,67,1728,49888,9526,0,1,12863,10950,47625,48061,10524,1268,10531,756,166,167,167,185,21220,7333,1060289,254,144,215,250,54019,53858,384,118,143,157,201,17783,9338,101,205,812,303,480,0,157,0,142,21190,2558,0,1175,8,1,4,158,1,4,162,8,2,1,10
6351.53,1624973283185,50.013214387,1,0,0,5,10,4,5,156,2,0,0,0,37,48,17687,0,32,0,75,1695,50174,9868,0,1,12932,11032,47685,48225,10580,1390,10549,945,194,211,211,228,21347,7392,1048290,288,141,216,251,54065,53903,415,118,140,154,199,17679,9356,101,201,841,306,483,11,152,2,177,21462,2632,0,1182,8,1,4,163,1,4,167,8,2,1,10
6401.54,1624973338352,50.013005424,1,0,0,5,10,4,5,175,2,0,0,0,43,44,18044,0,27,0,77,1902,50305,10250,0,1,13314,11352,50899,51413,11235,1483,11242,882,213,183,183,204,23502,7881,1074629,266,154,216,250,56209,56049,419,118,153,166,212,18043,9491,104,216,856,312,499,0,167,0,161,21144,2687,0,1229,8,1,4,170,1,4,174,8,2,1,10
6451.56,1624973393300,50.016029893,1,0,0,5,10,4,5,175,2,0,0,0,42,38,17892,0,26,0,70,1819,50189,10164,0,1,13376,11397,50996,51428,11258,1799,11275,1386,172,185,185,208,23543,7871,1073534,270,154,215,251,56371,56203,395,120,153,167,212,17891,9403,104,216,836,318,492,0,167,0,162,21410,2637,0,1185,8,1,4,167,1,4,171,8,2,1,10
6501.57,1624973448619,50.013150166,1,0,0,5,10,4,5,162,2,0,0,0,41,30,17366,0,26,0,66,1594,49810,9393,0,1,12593,10870,47464,47959,10475,1513,10471,945,58,166,166,186,21250,7324,1058959,252,144,212,250,53134,52982,319,118,143,155,201,17365,9130,99,203,683,302,382,0,155,0,143,21371,2401,0,1103,8,1,4,155,1,4,159,8,2,1,10
6551.58,1624973504179,50.009787684,1,0,0,5,10,4,5,162,2,0,0,0,37,35,17366,0,27,0,77,1657,49729,9045,0,1,12817,10955,47563,47984,10467,1647,10470,1071,172,168,168,188,21213,7329,1058620,256,144,215,249,53840,53684,389,118,143,155,201,17365,9328,100,204,807,302,465,0,156,0,141,21283,2553,0,1166,8,1,4,160,1,4,164,8,2,1,10
6601.59,1624973560144,50.013571741,1,0,0,5,10,4,5,175,2,0,0,0,35,60,17870,0,32,0,72,1642,50378,10425,0,1,13491,11504,51695,52257,11464,1803,11453,1386,182,229,229,242,23911,8041,1074478,304,155,215,252,57223,57046,415,118,154,167,214,17869,9448,105,217,871,316,515,11,167,2,195,21734,2655,0,1179,8,1,4,167,1,4,171,8,2,1,10
6651.6,1624973615651,50.013300506,1,0,0,5,10,4,5,167,2,0,0,0,45,45,17547,0,26,0,73,1780,49916,9389,0,1,13195,11252,50408,50919,11111,1601,11115,1134,190,183,183,203,23271,7767,1069808,266,150,220,250,55655,55485,406,119,149,164,208,17546,9447,104,212,831,313,480,0,162,0,160,20783,2638,0,1191,8,1,4,175,1,4,179,8,2,1,10
6701.62,1624973670295,50.015895394,1,0,0,5,10,4,5,162,2,0,0,0,36,43,17476,0,28,0,79,1721,49861,9403,0,1,12857,10991,47615,47991,10510,1334,10515,1008,160,170,170,189,21240,7308,1050866,260,143,215,250,53913,53749,383,118,143,157,201,17471,9308,100,204,798,305,459,0,157,0,142,21468,2542,0,1186,8,1,4,171,1,4,175,8,2,1,10
6751.64,1624973725488,50.015783214,1,0,0,5,10,4,5,162,2,0,0,0,30,43,17422,0,26,0,70,1679,49706,9169,0,1,12790,10910,47563,48035,10493,1393,10510,945,160,167,167,184,21243,7316,1050580,254,144,215,250,53776,53615,380,119,143,155,201,17419,9337,100,204,790,302,459,0,155,0,142,21453,2517,0,1141,8,1,4,157,1,4,161,8,2,1,10
6801.65,1624973780578,50.013098090,1,0,0,5,10,4,5,183,2,0,0,0,48,36,18198,0,31,0,75,1846,50443,10649,0,1,13436,11464,51389,51919,11394,1870,11404,1512,172,184,184,208,23764,7952,1073764,268,158,216,250,56707,56511,395,119,157,171,216,18195,9582,104,220,826,315,475,0,171,0,159,21928,2689,0,1212,8,1,4,168,1,4,172,8,2,1,10
6851.66,1624973835948,50.013245826,1,0,0,5,10,4,5,175,2,0,0,0,42,35,17643,0,26,0,73,1715,50042,9821,0,1,13247,11293,50902,51448,11255,1482,11254,1134,201,177,177,199,23523,7859,1068671,254,154,215,250,56218,56046,405,119,153,167,212,17646,9380,104,216,838,313,497,0,166,0,156,20489,2634,0,1184,8,1,4,170,1,4,174,8,2,1,10
6901.67,1624973891072,50.011697220,1,0,0,5,10,4,5,177,2,0,0,0,33,44,17285,0,33,0,83,1559,49960,10031,0,1,13130,11318,51403,51798,11454,1418,11435,756,58,228,228,243,23816,8037,1065109,302,155,217,252,56147,55975,344,119,154,166,213,17283,9242,104,216,739,313,422,11,167,2,192,21274,2499,0,1140,8,1,4,174,1,4,177,8,2,1,10
6951.68,1624973946688,50.013301262,1,0,0,5,10,4,5,162,2,0,0,0,43,34,17393,0,26,0,79,1493,49871,9829,0,1,12605,10878,47448,47941,10505,1639,10490,1071,58,167,167,185,21233,7320,1057309,254,143,212,250,53177,53012,320,118,143,157,201,17386,9189,99,203,684,302,381,0,155,0,142,21301,2455,0,1123,7,1,4,160,1,4,164,7,2,1,9
7001.69,1624974002252,50.013130580,1,0,0,5,10,4,5,170,2,0,0,0,37,45,17746,0,29,0,73,1577,50090,10127,0,1,13014,11105,48121,48595,10673,1656,10682,882,176,173,173,192,21483,7409,1064071,266,147,215,250,54429,54262,392,118,147,160,205,17740,9410,101,209,816,306,470,0,161,0,144,21336,2611,0,1191,8,1,4,158,1,4,162,8,2,1,10
7051.7,1624974057358,50.013213680,1,0,0,5,10,4,5,167,2,0,0,0,47,26,17835,0,26,0,59,1668,50267,10000,0,1,13240,11287,50424,50877,11087,1162,11113,504,190,183,183,203,23271,7781,1068746,266,150,216,250,55717,55555,406,120,149,162,208,17840,9446,104,212,840,313,490,0,164,0,160,21443,2671,0,1194,8,1,4,180,1,4,184,8,2,1,10
7101.71,1624974112908,50.013491171,1,0,0,5,10,4,5,183,2,0,0,0,47,33,17945,0,29,0,68,1744,50511,10608,0,1,13430,11452,51371,51961,11408,1617,11424,1134,194,183,183,202,23767,7965,1075380,266,158,216,250,56691,56511,408,119,157,171,216,17945,9505,104,220,839,311,490,0,170,0,158,21225,2702,0,1223,8,1,4,162,1,4,166,8,2,1,10
7151.72,1624974168552,50.013134807,1,0,0,5,10,4,5,162,2,0,0,0,40,42,17402,0,34,0,74,1629,50058,9627,0,1,13134,11220,48385,48872,12213,2912,12210,2394,184,214,214,227,21619,8981,1066342,294,145,216,253,54771,54618,416,118,144,158,203,17399,9345,101,205,846,308,485,11,157,2,177,21078,2650,0,1156,8,1,4,162,1,4,166,8,2,1,10
7201.73,1624974223398,50.013344045,1,0,0,5,10,4,5,162,2,0,0,0,34,25,17563,0,28,0,70,1609,50107,10022,0,1,12878,10986,47655,48154,10494,1711,10476,1071,171,169,169,188,21228,7306,1058722,258,143,219,250,53955,53788,387,118,143,155,201,17562,9315,100,204,802,304,463,0,156,0,144,20744,2566,0,1173,8,1,4,164,1,4,168,8,2,1,10
7251.74,1624974278964,50.013272749,1,0,0,5,10,4,5,175,2,0,0,0,34,53,17777,0,26,0,78,1674,50198,10198,0,1,13274,11316,51009,51496,11286,1863,11292,1386,177,183,183,206,23544,7869,1068852,266,154,215,250,56381,56212,395,118,153,168,212,17782,9416,104,216,835,315,492,0,168,0,160,20941,2589,0,1161,6,1,4,177,1,4,181,2,2,1,6
7301.75,1624974334330,50.009951629,1,0,0,5,10,4,5,167,2,0,0,0,39,38,17488,0,25,0,70,1592,50062,10063,0,1,12932,11151,50387,50849,11112,1533,11102,945,58,183,183,203,23249,7782,1066771,266,150,213,251,55034,54866,326,118,149,163,208,17485,9231,103,211,703,315,399,0,164,0,161,21492,2470,0,1122,8,1,4,163,1,4,167,8,2,1,10
7351.76,1624974389623,50.013301117,1,0,0,5,10,4,5,162,2,0,0,0,35,31,17482,0,29,0,77,1702,49953,10094,0,1,12575,10853,47500,47959,10489,1891,10514,1323,59,165,165,189,21274,7320,1060351,250,143,213,250,53268,53103,320,120,143,157,201,17477,9185,99,203,682,303,379,0,155,0,141,21515,2441,0,1130,8,1,4,153,1,4,157,8,2,1,10
7401.77,1624974445321,50.013371607,1,0,0,5,10,4,5,154,2,0,0,0,33,36,17720,0,32,0,77,1762,50059,10086,0,1,12706,10857,47127,47612,10366,1448,10369,1071,183,164,164,189,20998,7250,1058838,248,139,215,250,53245,53083,390,118,139,151,197,17719,9337,100,200,803,303,463,0,151,0,140,21464,2574,0,1145,8,1,4,158,1,4,162,8,2,1,10
7451.78,1624974500478,50.013789971,1,0,0,5,10,4,5,175,2,0,0,0,27,38,17804,0,32,0,73,1628,50269,10281,0,1,13498,11478,51675,52271,11483,2117,11495,1575,183,229,229,245,23912,8055,1074889,304,155,219,252,57275,57103,418,118,154,167,214,17803,9394,105,217,884,318,525,11,167,2,195,21771,2602,0,1163,8,1,4,162,1,4,166,8,2,1,10
7501.79,1624974555607,50.013382509,1,0,0,5,10,4,5,167,2,0,0,0,46,52,18032,0,26,0,72,1841,50173,9943,0,1,13214,11266,50422,50919,11108,2041,11089,1575,178,182,182,203,23276,7764,1068481,263,150,216,250,55764,55592,397,119,149,163,208,18029,9443,104,212,827,313,484,0,163,0,160,20482,2634,0,1169,8,1,4,164,1,4,168,8,2,1,10
7551.8,1624974610700,50.013008282,1,0,0,5,10,4,5,162,2,0,0,0,40,31,17670,0,26,0,74,1817,49880,9441,0,1,12911,10987,47598,48065,10481,1520,10493,1071,183,166,166,184,21232,7332,1058035,252,144,216,250,53956,53794,392,118,143,158,201,17672,9378,101,205,819,303,485,0,156,0,141,21323,2588,0,1168,8,1,4,159,1,4,163,8,2,1,10
7601.81,1624974666205,50.013171503,1,0,0,5,10,4,5,162,2,0,0,0,36,31,17843,0,26,0,82,1816,49987,9595,0,1,12893,10992,47585,48094,10531,1961,10522,1449,189,168,168,187,21225,7309,1061216,256,144,215,250,53904,53747,402,118,143,156,201,17840,9437,100,204,816,305,468,0,156,0,141,21345,2623,0,1206,8,1,4,160,1,4,164,8,2,1,10
7651.82,1624974721456,50.013678011,1,0,0,5,10,4,5,164,2,0,0,0,35,45,17932,0,28,0,70,1812,50056,9926,0,1,12979,11046,47869,48676,10611,2091,10596,1512,184,169,169,188,21423,7387,1061658,258,145,215,250,54265,54099,402,118,145,163,204,17933,9411,100,205,833,305,486,0,158,0,144,21755,2606,0,1191,8,1,4,156,1,4,160,8,2,1,10
7701.83,1624974776836,50.013329108,1,0,0,5,10,4,5,177,2,0,0,0,39,45,17411,0,33,0,76,1576,49981,9663,0,1,12989,11171,49468,49941,11122,2034,11108,1323,58,233,233,249,23095,7808,1065497,312,150,213,252,54677,54512,349,118,150,162,205,17412,9280,100,211,759,319,427,11,162,2,195,20828,2511,0,1124,7,1,4,167,1,4,171,7,2,1,9
7751.84,1624974832146,50.013301044,1,0,0,5,10,4,5,167,2,0,0,0,37,32,17669,0,31,0,66,1667,50017,9953,0,1,12841,11065,50162,50535,11094,2035,11090,1512,58,184,184,204,23179,7787,1065813,268,149,216,250,54829,54664,327,118,149,162,207,17666,9259,103,211,706,310,395,0,162,0,158,21667,2500,0,1141,8,1,4,167,1,4,171,8,2,1,10
7801.85,1624974887818,50.013424128,1,0,0,5,10,4,5,162,2,0,0,0,34,33,17733,0,27,0,79,1776,49989,9860,0,1,12834,10975,47633,48177,10543,1898,10523,1197,185,169,169,188,21245,7337,1059969,258,145,215,250,53791,53624,400,120,143,155,201,17734,9336,100,204,817,304,470,0,156,0,142,21824,2578,0,1182,8,1,4,155,1,4,159,8,2,1,10
7851.86,1624974943022,50.013077272,1,0,0,5,10,4,5,154,2,0,0,0,39,35,17322,0,27,0,71,1620,49824,9178,0,1,12834,10936,47119,47625,10371,1701,10366,1197,200,170,170,188,20965,7206,1054365,260,139,216,250,53425,53262,405,118,139,153,197,17321,9339,101,201,824,304,476,0,152,0,144,21059,2594,0,1159,8,1,4,156,1,4,160,8,2,1,10
7901.87,1624974997921,50.013459952,1,0,0,5,10,4,5,175,2,0,0,0,40,33,17449,0,28,0,69,1533,50047,9654,0,1,13329,11372,50938,51384,11269,2303,11263,1701,196,190,190,206,23637,7869,1068277,280,154,216,250,56259,56084,417,118,153,167,212,17443,9415,104,216,863,314,494,0,167,0,160,20917,2672,0,1181,8,1,4,175,1,4,179,8,2,1,10
7951.88,1624975053245,50.013217826,1,0,0,5,10,4,5,183,2,0,0,0,34,31,17813,0,26,0,72,1559,50230,10266,0,1,13332,11341,51316,51785,11367,1805,11412,1512,160,185,185,201,23734,7952,1071423,270,158,215,250,56555,56379,388,118,157,170,216,17808,9411,104,220,829,312,491,0,170,0,157,21550,2606,0,1186,8,1,4,156,1,4,160,8,2,1,10
8001.89,1624975108563,50.013304120,1,0,0,5,10,4,5,153,2,0,0,0,40,38,17793,0,33,0,80,1675,50192,10033,0,1,12976,11094,47815,48290,10577,1391,10575,945,171,211,211,225,21327,7403,1062455,288,141,219,252,54286,54123,402,118,140,153,199,17788,9416,101,201,831,307,482,11,153,2,176,21621,2630,0,1162,8,1,4,167,1,4,171,8,2,1,10
8051.91,1624975163757,50.015700803,1,0,0,5,10,4,5,162,2,0,0,0,34,16,17719,0,27,0,80,1744,49988,9623,0,1,12838,10978,47273,47358,10414,1391,10379,1008,177,170,170,190,20980,7250,1057696,260,143,215,250,53466,53316,392,118,142,156,199,17715,9336,99,203,805,305,456,0,155,0,144,21455,2562,0,1167,8,1,4,154,1,4,158,8,2,1,10
8101.92,1624975219316,50.013301673,1,0,0,5,10,4,5,183,2,0,0,0,30,36,17685,0,33,0,81,1606,50092,9944,0,1,13370,11381,51414,51834,11406,1491,11418,1071,183,186,186,207,23795,7957,1073212,272,157,215,250,56670,56505,402,118,157,170,216,17686,9357,104,220,849,313,494,0,170,0,160,21350,2589,0,1183,8,1,4,172,1,4,176,8,2,1,10
8151.93,1624975274724,50.011456922,1,0,0,5,10,4,5,175,2,0,0,0,41,38,17666,0,27,0,82,1751,50010,10049,0,1,12984,11190,50730,51198,11238,1666,11255,1008,58,183,183,204,23526,7869,1069004,266,154,213,250,55431,55261,326,118,153,167,212,17665,9270,103,215,707,312,399,0,166,0,158,21489,2483,0,1148,8,1,4,166,1,4,170,8,2,1,10
8201.94,1624975330050,50.013434299,1,0,0,5,10,4,5,220,2,0,0,0,38,72,18131,0,27,0,74,1768,50408,10651,2,1,14448,12181,66010,66419,16427,3358,16444,2583,190,170,170,187,37780,12272,1120757,260,189,216,256,67601,67394,403,118,188,201,247,18128,9481,125,249,870,307,541,0,202,0,143,21922,2684,0,1191,9,1,4,193,5,4,197,9,2,1,11
8251.95,1624975385671,50.012967781,1,0,0,5,11,4,6,161,2,0,0,0,40,52,17568,0,32,0,76,1616,49969,9342,0,1,13091,11192,48306,48814,10725,1651,10731,1260,179,213,213,226,21627,7511,1061711,292,145,220,252,54708,54556,408,118,144,157,203,17566,9307,101,205,847,309,492,11,156,2,175,21264,2599,0,1177,7,1,5,165,0,3,168,7,3,2,10
8301.96,1624975440958,50.013116268,1,0,0,5,10,4,5,175,2,0,0,0,40,49,17923,0,26,0,70,1735,50110,9745,0,1,13362,11346,50994,51450,11295,2050,11269,1575,195,182,182,203,23552,7872,1071924,264,154,216,250,56562,56391,406,118,153,167,212,17920,9443,105,217,863,313,521,0,168,0,160,21449,2620,0,1203,8,1,4,165,1,4,169,8,2,1,10
8351.97,1624975496439,50.013436842,1,0,0,5,10,4,5,167,2,0,0,0,37,74,17740,0,26,0,74,1623,50087,9623,0,1,13275,11253,50462,50908,11141,1979,11125,1449,213,183,183,205,23326,7771,1066487,266,150,216,250,56010,55844,419,118,149,164,208,17741,9386,106,214,876,314,529,0,163,0,160,21258,2625,0,1205,8,1,4,170,1,4,174,8,2,1,10
8401.98,1624975551838,50.011902479,1,0,0,5,10,4,5,162,2,0,0,0,33,44,17501,0,26,0,82,1655,49710,8923,0,1,12955,11036,48543,48861,10725,1845,10710,1386,189,177,177,196,22004,7419,1060720,258,146,215,250,54248,54082,399,118,145,157,204,17494,9335,101,206,817,304,476,0,161,0,154,20936,2531,0,1189,7,1,4,160,1,4,164,7,2,1,9
8452,1624975607015,50.015922843,1,0,0,5,10,4,5,153,2,0,0,0,40,29,17646,0,26,0,80,1655,49920,9269,0,1,12851,10926,47132,47572,10371,1827,10384,1323,196,166,166,185,20995,7228,1056892,252,139,215,250,53522,53374,403,119,139,152,197,17641,9351,100,200,833,303,494,0,151,0,142,21584,2579,0,1191,8,1,4,164,1,4,168,8,2,1,10
8502.01,1624975662491,50.013387192,1,0,0,5,10,4,5,162,2,0,0,0,45,37,17834,0,26,0,65,1785,50182,9878,0,1,12980,11082,47668,48174,10553,1961,10551,1512,183,169,169,188,21241,7331,1062106,258,144,216,250,53981,53815,399,118,143,156,201,17833,9361,100,204,812,305,466,0,156,0,143,21686,2605,0,1180,8,1,4,163,1,4,167,8,2,1,10
8552.02,1624975717853,50.013255078,1,0,0,5,10,4,5,167,2,0,0,0,44,37,17242,0,26,0,80,1708,49694,9233,0,1,12942,11156,50285,50775,11090,1783,11088,1008,58,187,187,202,23294,7784,1060594,274,150,217,250,55001,54832,330,118,149,163,208,17243,9205,103,211,714,312,399,0,162,0,159,20730,2440,0,1151,8,1,4,169,1,4,173,8,2,1,10
8602.03,1624975774004,50.010690525,1,0,0,5,10,4,5,191,2,0,0,0,42,28,17636,0,28,0,82,1727,50127,10149,0,1,13221,11389,51715,52212,11541,1997,11542,1701,58,188,188,206,24029,8044,1070104,276,162,213,250,56477,56293,331,117,161,174,220,17631,9253,103,223,717,313,398,0,174,0,158,21658,2454,0,1159,8,1,4,174,1,4,178,8,2,1,10
8652.04,1624975829476,50.013421275,1,0,0,5,10,4,5,162,2,0,0,0,44,39,17832,0,26,0,72,1737,50087,9703,0,1,12927,11029,47648,47993,10548,2339,10536,1764,172,167,167,185,21239,7317,1060472,254,144,215,250,53957,53796,392,118,143,152,201,17829,9370,100,204,817,303,479,0,156,0,142,21484,2599,0,1195,8,1,4,163,1,4,167,8,2,1,10
8702.05,1624975885029,50.013255219,1,0,0,5,10,4,5,178,2,0,0,0,37,31,17685,0,30,0,62,1607,50115,9920,0,1,13121,11176,48599,49099,10773,1601,10774,1134,172,170,170,191,21732,7498,1060957,260,151,215,250,55043,54872,391,117,151,164,209,17686,9333,101,213,817,305,476,0,164,0,144,20422,2577,0,1173,8,1,4,154,1,4,158,8,2,1,10
8752.06,1624975939937,50.013437945,1,0,0,5,10,4,5,167,2,0,0,0,37,27,17561,0,25,0,66,1685,49866,9615,0,1,13223,11237,50474,50965,12587,3050,12591,2583,172,182,182,202,23374,9262,1073813,266,150,215,251,56091,55923,394,118,149,167,208,17562,9480,105,213,840,313,505,0,164,0,160,21525,2647,0,1199,8,1,4,177,1,4,181,8,2,1,10
8802.07,1624975995361,50.013304801,1,0,0,5,10,4,5,175,2,0,0,0,49,52,17922,0,32,0,68,1882,50393,10145,0,1,13584,11587,51610,52052,11462,1993,11478,1764,202,233,233,244,23933,8056,1074311,312,155,221,252,57084,56909,436,119,154,168,214,17919,9561,105,217,888,317,510,11,169,2,194,20605,2737,0,1201,8,1,4,164,1,4,168,8,2,1,10
8852.08,1624976050385,50.009899013,1,0,0,5,10,4,5,170,2,0,0,0,41,32,18045,0,28,0,74,1787,50131,9911,0,1,12994,11084,48098,48665,10650,1464,10648,1008,202,169,169,186,21480,7414,1062447,258,148,216,250,54479,54315,410,118,147,159,205,18042,9477,100,208,819,302,463,0,159,0,143,21416,2647,0,1210,8,1,4,158,1,4,162,8,2,1,10
8902.09,1624976105924,50.013502608,1,0,0,5,10,4,5,162,2,0,0,0,38,37,17777,0,27,0,76,1602,50161,10053,0,1,12972,11057,47727,48152,10537,1521,10518,1071,160,170,170,189,21209,7330,1059501,260,144,215,251,54155,53998,383,118,143,155,201,17774,9351,100,204,815,308,478,0,155,0,143,21645,2603,0,1183,7,1,4,152,1,4,156,7,2,1,9
8952.1,1624976161419,50.009806057,1,0,0,5,10,4,5,175,2,0,0,0,38,34,17573,0,26,0,70,1506,50104,10208,0,1,12992,11193,50741,51237,11231,2169,11239,1638,58,187,187,206,23539,7874,1070243,274,153,212,250,55369,55196,330,118,153,167,212,17570,9281,103,215,715,313,400,0,166,0,161,21648,2506,0,1146,8,1,4,170,1,4,174,8,2,1,10
9002.12,1624976216845,50.016284206,1,0,0,5,10,4,5,179,2,0,0,0,38,27,17694,0,26,0,68,1611,50123,10175,0,1,13093,11281,52051,52409,11506,1110,11524,756,59,187,187,202,24121,8058,1073630,274,158,213,250,56386,56209,332,120,157,171,219,17689,9308,105,220,716,314,402,0,171,0,159,20748,2488,0,1150,7,1,4,178,1,4,182,7,2,1,9
9052.13,1624976271703,50.009899115,1,0,0,5,10,4,5,170,2,0,0,0,39,37,17921,0,33,0,79,1624,50136,10048,0,1,13025,11124,48464,48739,10747,1529,10633,882,188,181,181,199,21687,7526,1062352,264,148,215,252,54833,54673,399,118,147,161,204,17916,9487,100,208,817,306,474,4,160,0,151,21341,2666,0,1192,7,1,4,150,1,4,154,7,2,1,9
9102.14,1624976326782,50.013418139,1,0,0,5,10,4,5,162,2,0,0,0,36,34,17476,0,25,0,69,1643,49955,9841,0,1,12894,11004,47684,48157,10496,1520,10493,1071,184,167,167,186,21220,7316,1059182,254,144,219,251,53966,53801,396,118,143,156,201,17464,9359,100,204,808,307,463,0,156,0,144,20804,2602,0,1173,7,1,4,162,1,4,166,7,2,1,9
9152.16,1624976381885,50.015771266,1,0,0,5,10,4,5,167,2,0,0,0,36,36,17780,0,26,0,73,1641,50166,10250,0,1,13184,11214,50399,50794,11086,1538,11098,1134,160,183,183,207,23301,7772,1069668,266,150,215,250,55744,55577,386,118,149,163,208,17775,9395,105,213,834,315,503,0,163,0,161,21284,2585,0,1165,7,1,4,166,1,4,170,7,2,1,9
9202.17,1624976437299,50.013588394,1,0,0,5,10,4,5,183,2,0,0,0,28,33,17837,0,29,0,67,1633,50185,10261,0,1,13305,11334,51405,51901,11426,1870,11432,1323,177,184,184,205,23757,7958,1074651,268,157,214,250,56677,56498,396,117,157,170,216,17839,9408,104,220,833,312,486,0,170,0,161,21732,2599,0,1180,8,1,4,161,1,4,165,8,2,1,10
9252.18,1624976492751,50.013628668,1,0,0,5,10,4,5,167,2,0,0,0,36,53,17741,0,25,0,71,1600,50097,9902,0,1,13098,11181,50357,50952,11112,2357,11128,1764,166,183,183,205,23269,7776,1069162,266,149,215,250,55572,55402,390,118,149,163,208,17739,9364,104,212,818,315,481,0,163,0,159,21219,2586,0,1172,8,1,4,152,1,4,156,8,2,1,10
9302.19,1624976548032,50.013182108,1,0,0,5,10,4,5,162,2,0,0,0,31,40,17635,0,27,0,72,1539,49957,9680,0,1,12818,10934,47654,48165,10496,1647,10491,1008,189,167,167,185,21256,7301,1058896,254,144,215,250,53967,53804,397,118,143,155,201,17634,9308,100,204,804,303,459,0,156,0,142,21301,2559,0,1167,8,1,4,158,1,4,162,8,2,1,10
9352.2,1624976603011,50.013148552,1,0,0,5,10,4,5,172,2,0,0,0,34,36,17505,0,33,0,65,1502,50002,9817,0,1,12947,11167,48694,49272,10832,1339,10835,1008,58,217,217,230,21843,7579,1062876,300,148,217,252,54548,54391,343,118,148,162,207,17502,9200,100,208,735,308,406,11,161,2,179,20909,2471,0,1100,8,1,4,156,1,4,160,8,2,1,10
9402.21,1624976658469,50.014145326,1,0,0,5,10,4,5,171,2,0,0,0,43,24,17302,0,26,0,76,1585,49798,9424,0,1,12990,11207,50611,51107,11216,1599,11182,1008,58,183,183,206,23454,7817,1067573,266,152,213,250,55360,55190,326,118,152,162,211,17297,9252,103,213,715,314,406,0,165,0,160,20910,2496,0,1149,8,1,4,167,1,4,171,8,2,1,10
9452.22,1624976713614,50.013053182,1,0,0,5,10,4,5,175,2,0,0,0,40,32,17573,0,26,0,67,1764,49919,9597,0,1,13225,11282,50851,51442,11278,1671,11305,1008,165,181,181,200,23537,7866,1069644,262,153,215,250,56184,56015,385,119,153,166,212,17570,9383,104,216,822,311,493,0,166,0,158,21208,2608,0,1176,8,1,4,175,1,4,179,8,2,1,10
9502.23,1624976768942,50.013278872,1,0,0,5,10,4,5,154,2,0,0,0,43,34,17602,0,28,0,72,1587,50093,9930,0,1,12873,10955,47118,47673,10363,1073,10377,819,178,169,169,189,20996,7220,1060231,258,140,216,250,53534,53371,394,118,139,153,197,17599,9377,102,202,828,305,495,0,152,0,142,21269,2627,0,1182,8,1,4,161,1,4,165,8,2,1,10
9552.24,1624976824051,50.013732405,1,0,0,5,10,4,5,170,2,0,0,0,33,61,17467,0,30,0,64,1664,49887,9639,0,1,12944,11034,48079,48459,10595,1023,10644,504,183,167,167,186,21374,7352,1056318,254,147,215,250,54477,54313,393,118,147,159,205,17462,9348,100,208,817,304,474,0,159,0,141,21225,2575,0,1183,8,1,4,166,1,4,170,8,2,1,10
9602.25,1624976879177,50.012439562,1,0,0,5,10,4,5,177,2,0,0,0,43,30,17820,0,34,0,69,1655,50357,10197,0,1,13570,11562,51608,52004,11444,1615,11472,1260,180,231,231,247,23888,8040,1059858,308,155,216,252,56994,56833,424,118,154,169,214,17815,9459,105,217,887,320,514,11,168,2,194,21523,2693,0,1161,8,1,4,168,1,4,172,8,2,1,10
9652.26,1624976934846,50.013957926,1,0,0,5,10,4,5,175,2,0,0,0,42,43,17710,0,26,0,71,1628,50106,9775,0,1,13263,11315,50853,50986,11214,1547,11232,945,189,185,185,200,23525,7865,1069307,269,154,216,250,56060,55900,405,119,153,167,212,17709,9433,104,216,841,312,487,0,168,0,157,20885,2651,0,1200,7,1,4,179,1,4,183,7,2,1,9
9702.27,1624976990160,50.013203240,1,0,0,5,10,4,5,178,2,0,0,0,42,31,17695,0,30,0,69,1565,50139,10016,0,1,13127,11184,48582,49145,10772,1724,10791,1008,172,170,170,185,21687,7489,1063198,260,152,215,250,55012,54853,391,118,151,166,209,17694,9352,100,212,814,302,471,0,163,0,141,21648,2586,0,1187,8,1,4,158,1,4,162,8,2,1,10
9752.29,1624977045850,50.015964390,1,0,0,5,10,4,5,162,2,0,0,0,33,28,17549,0,26,0,76,1493,49915,9693,0,1,12707,10942,47635,48028,10514,1450,10507,1071,79,172,172,188,21193,7320,1056047,264,143,213,251,53465,53300,338,118,143,155,201,17544,9245,100,204,717,306,400,0,155,0,145,21840,2474,0,1158,8,1,4,161,1,4,165,8,2,1,10
9802.3,1624977101341,50.013336273,1,0,0,5,10,4,5,175,2,0,0,0,43,27,17616,0,28,0,76,1541,50112,10042,0,1,13048,11247,50792,51350,11253,1350,11297,882,58,188,188,203,23563,7877,1070096,276,154,213,250,55524,55349,331,118,153,166,212,17613,9313,103,215,718,311,401,0,166,0,160,21711,2516,0,1162,8,1,4,158,1,4,162,8,2,1,10
9852.32,1624977156851,50.015761025,1,0,0,5,10,4,5,166,2,0,0,0,43,53,17878,0,25,0,70,1666,50220,10010,0,1,13167,11206,50327,50788,11090,1852,11095,1323,195,181,182,204,23298,7779,1068885,264,149,216,249,55736,55579,406,118,149,163,208,17873,9464,104,212,840,312,493,0,162,0,157,21279,2651,0,1219,7,1,4,165,1,4,169,7,2,1,9
9902.33,1624977212059,50.013281966,1,0,0,5,10,4,5,162,2,0,0,0,39,49,17707,0,32,0,77,1622,50200,9719,0,1,12841,10936,46303,46744,10345,1637,10340,945,184,214,214,224,20755,7244,1057354,294,141,220,252,53030,52873,420,118,140,151,194,17706,9346,97,200,846,305,486,11,151,2,177,20962,2650,0,1202,8,1,4,160,1,4,164,8,2,1,10
9952.34,1624977267258,50.013413284,1,0,0,5,10,4,5,162,2,0,0,0,45,37,18060,0,26,0,78,1862,50245,10145,0,1,13036,11133,47735,48298,10517,1458,10535,945,178,175,175,191,21254,7318,1061329,270,144,216,251,54236,54075,399,120,143,157,201,18053,9453,100,204,829,309,474,0,157,0,145,21954,2643,0,1195,8,1,4,169,1,4,173,8,2,1,10
10002.4,1624977322380,50.013277390,1,0,0,5,10,4,5,183,2,0,0,0,34,49,18065,0,31,0,75,1742,50102,9932,0,1,13358,11389,51320,51879,11361,1553,11386,1260,159,186,186,206,23783,7964,1071809,272,158,215,250,56790,56625,390,118,157,171,216,18064,9499,104,220,820,313,478,0,170,0,160,21534,2572,0,1166,8,1,4,162,1,4,166,8,2,1,10
10052.4,1624977377732,50.015859316,1,0,0,5,10,4,5,183,2,0,0,0,34,52,17847,0,26,0,71,1617,50208,10092,0,1,13371,11367,51351,51740,11404,1305,11385,630,193,187,187,205,23770,7957,1072642,274,158,215,249,56757,56591,407,119,157,172,216,17842,9383,105,221,857,312,501,0,173,0,157,21493,2604,0,1161,7,1,4,172,1,4,176,7,2,1,9
10102.4,1624977433223,50.016554234,1,0,0,5,10,4,5,167,2,0,0,0,36,36,17698,0,28,0,73,1605,50114,9866,0,1,13156,11196,50396,50642,11102,1221,11064,567,178,186,186,202,23098,7767,1065734,272,150,215,250,55561,55398,401,118,148,161,206,17690,9311,103,211,842,311,494,0,161,0,158,21065,2563,0,1146,8,1,4,170,1,4,174,8,2,1,10
10152.4,1624977488558,50.013157944,1,0,0,5,10,4,5,164,2,0,0,0,36,41,17584,0,34,0,73,1634,50161,9944,0,1,13179,11261,48479,48857,10735,1590,10721,1071,172,218,218,230,21614,7496,1061767,302,145,220,253,54764,54607,412,119,144,156,203,17583,9295,101,205,847,310,483,11,157,2,182,20935,2591,0,1132,8,1,4,163,1,4,167,8,2,1,10
10202.4,1624977544218,50.010684587,1,0,0,5,10,4,5,154,2,0,0,0,34,34,17228,0,26,0,72,1448,49652,9225,0,1,12433,10734,46972,47501,10303,1315,10315,1008,58,163,163,184,21008,7212,1050682,246,140,212,250,52668,52505,316,118,139,152,197,17227,9110,99,199,670,304,376,0,151,0,140,20779,2379,0,1090,8,1,4,161,1,4,165,8,2,1,10
10252.4,1624977599287,50.013228071,1,0,0,5,10,4,5,175,2,0,0,0,43,47,17674,0,28,0,71,1652,50099,9958,0,1,13266,11303,50852,51320,11235,1987,11246,1323,165,181,181,201,23554,7872,1069108,262,154,215,250,56065,55893,385,118,153,167,212,17673,9370,104,216,820,312,489,0,166,0,158,21084,2633,0,1178,8,1,4,171,1,4,175,8,2,1,10
10302.4,1624977654133,50.015134291,1,0,0,5,10,4,5,175,2,0,0,0,43,40,17890,0,26,0,78,1793,50157,9898,0,1,13333,11357,50945,51269,11303,1737,11319,1386,190,183,183,206,23527,7881,1072992,266,154,216,250,56245,56074,405,120,153,166,212,17887,9472,105,217,848,314,501,0,169,0,159,21437,2657,0,1209,8,1,4,158,1,4,162,8,2,1,10
10352.4,1624977709513,50.013097155,1,0,0,5,10,4,5,162,2,0,0,0,41,51,17756,0,26,0,80,1666,50047,9675,0,1,12905,11023,47698,48159,11987,2717,11998,2394,160,169,169,187,21284,8813,1065271,258,144,214,251,53976,53814,382,118,143,156,201,17751,9361,100,204,803,303,466,0,156,0,144,21898,2569,0,1175,8,1,4,160,1,4,164,8,2,1,10
10402.4,1624977765068,50.013320135,1,0,0,5,10,4,5,162,2,0,0,0,40,46,17840,0,26,0,78,1732,50111,9802,0,1,12921,11031,47648,48101,10503,1520,10515,1071,183,169,169,190,21238,7317,1063466,258,144,215,250,53845,53679,395,118,143,157,201,17837,9363,100,204,819,306,474,0,156,0,144,21563,2594,0,1151,8,1,4,163,1,4,167,8,2,1,10
10452.4,1624977820452,50.013440848,1,0,0,5,10,4,5,167,2,0,0,0,47,46,17815,0,34,0,74,1629,50368,10091,0,1,13455,11485,51090,51607,11336,2110,11319,1449,164,234,234,246,23664,7965,1074102,314,151,220,252,56481,56310,408,118,150,163,211,17810,9411,105,213,863,317,503,11,164,2,197,20999,2656,0,1175,8,1,4,158,1,4,162,8,2,1,10
10502.4,1624977875763,50.013415073,1,0,0,5,10,4,5,175,2,0,0,0,46,57,17694,0,30,0,67,1693,50237,10168,0,1,13346,11379,50913,51365,11254,1924,11242,1260,171,188,188,206,23500,7865,1071115,276,153,215,250,56247,56072,396,118,153,166,212,17688,9425,105,217,843,313,494,0,167,0,159,20622,2630,0,1158,8,1,4,165,1,4,169,8,2,1,10
10552.4,1624977930508,50.013219067,1,0,0,5,10,4,5,170,2,0,0,0,47,21,17708,0,28,0,80,1511,50243,10032,0,1,13002,11114,48025,48527,10667,2222,10670,1638,166,171,171,189,21491,7415,1063361,262,148,215,250,54149,53973,388,118,147,162,205,17707,9355,100,208,798,304,453,0,159,0,143,21582,2603,0,1157,8,1,4,169,1,4,173,8,2,1,10
10602.4,1624977985873,50.013499790,1,0,0,5,10,4,5,162,2,0,0,0,41,29,17432,0,26,0,72,1645,50073,10072,0,1,12638,10910,47431,47931,10508,1765,10514,1449,58,168,168,188,21246,7322,1058057,256,144,213,250,53253,53088,325,118,143,155,201,17429,9175,99,203,690,303,385,0,155,0,145,21535,2447,0,1103,8,1,4,159,1,4,163,8,2,1,10
10652.4,1624978040976,50.013254391,1,0,0,5,10,4,5,175,2,0,0,0,47,44,17853,0,30,0,71,1756,50191,9982,0,1,13324,11390,50911,51350,11210,1546,11211,1260,163,190,190,207,23561,7882,1073507,280,154,215,250,56010,55834,396,121,153,166,212,17854,9411,103,215,837,314,479,0,167,0,160,21742,2620,0,1171,8,1,4,167,1,4,171,8,2,1,10
10702.4,1624978096092,50.013509686,1,0,0,5,10,4,5,167,2,0,0,0,42,42,17821,0,32,0,70,1700,50372,10262,0,1,13396,11444,51070,51546,11314,1480,11328,1134,165,227,227,242,23663,7965,1071067,300,151,219,252,56526,56354,408,119,150,163,210,17820,9416,105,213,853,316,505,11,164,2,194,21843,2618,0,1142,8,1,4,169,1,4,173,8,2,1,10
10752.4,1624978151310,50.013451927,1,0,0,5,10,4,5,170,2,0,0,0,37,43,17921,0,29,0,83,1599,50292,10425,0,1,13121,11127,48147,48668,10635,2162,10641,1575,179,167,167,195,21469,7403,1063424,254,148,216,250,54919,54748,394,120,147,163,205,17922,9450,102,210,858,306,522,0,161,0,141,21560,2636,0,1165,8,1,4,155,1,4,159,8,2,1,10
10802.4,1624978206483,50.013794132,1,0,0,5,10,4,5,158,2,0,0,0,36,40,17280,0,26,0,82,1466,49929,9531,0,1,12901,10984,47424,47935,10432,1830,10411,1260,184,169,169,189,21088,7251,1058514,258,141,215,251,53625,53449,398,119,140,156,198,17272,9271,101,202,823,308,479,0,152,0,143,20547,2562,0,1145,8,1,4,155,1,4,159,8,2,1,10
10852.4,1624978261504,50.013211464,1,0,0,5,10,4,5,167,2,0,0,0,45,40,18084,0,26,0,80,1775,50207,9877,0,1,13273,11262,50390,50936,11083,1852,11084,1512,208,181,181,204,23284,7766,1072054,262,150,217,250,56044,55874,415,121,149,167,208,18081,9529,105,213,863,313,518,0,163,0,158,21448,2665,0,1210,8,1,4,171,1,4,175,8,2,1,10
10902.4,1624978316780,50.013389746,1,0,0,5,10,4,5,175,2,0,0,0,39,35,18025,0,26,0,67,1858,50272,10195,0,1,13256,11260,50864,51377,11269,2177,11270,1386,183,180,180,200,23550,7869,1070115,260,153,215,249,56212,56036,396,118,153,167,212,18022,9462,105,217,843,308,511,0,168,0,158,20836,2666,0,1184,8,1,4,157,1,4,161,8,2,1,10
10952.4,1624978371802,50.013358932,1,0,0,5,10,4,5,170,2,0,0,0,36,37,17533,0,32,0,75,1714,49879,9516,0,1,13055,11107,48161,48640,10682,1779,10681,1197,178,171,171,190,21461,7406,1059803,262,148,215,250,54641,54473,395,120,147,160,205,17528,9425,100,208,831,304,484,0,159,0,142,21056,2596,0,1164,8,1,4,169,1,4,173,8,2,1,10
11002.4,1624978427642,50.013032243,1,0,0,5,10,4,5,164,2,0,0,0,35,31,17368,0,32,0,77,1579,49904,9584,0,1,12911,11145,48332,48808,10692,1582,10702,1008,58,217,217,230,21627,7499,1059459,300,145,217,253,54237,54072,343,118,144,160,203,17365,9178,100,204,731,310,405,11,156,2,181,20412,2458,0,1132,8,1,4,158,1,4,162,8,2,1,10
11052.4,1624978482791,50.013251511,1,0,0,5,10,4,5,174,2,0,0,0,29,36,17457,0,26,0,78,1639,49936,10097,0,1,12963,11160,50809,51321,11247,1664,11238,1197,58,185,185,204,23561,7881,1067782,270,154,213,250,55556,55381,328,118,153,167,212,17454,9186,103,215,714,312,402,0,166,0,161,21171,2438,0,1121,8,1,4,174,1,4,178,8,2,1,10
11102.4,1624978538061,50.013053295,1,0,0,5,10,4,5,167,2,0,0,0,32,54,17895,0,29,0,70,1792,50145,10055,0,1,13148,11183,50368,50852,11154,1411,11150,1008,173,187,187,206,23300,7800,1070232,274,150,215,249,55694,55524,396,118,149,163,208,17894,9374,105,213,842,311,493,0,163,0,158,21156,2558,0,1148,8,1,4,164,1,4,168,8,2,1,10
11152.4,1624978592955,50.016078472,1,0,0,5,10,4,5,162,2,0,0,0,41,46,17751,0,29,0,76,1735,49966,9546,0,1,12926,11032,47669,48099,10525,1392,10536,819,166,170,170,187,21271,7323,1061017,260,144,215,250,53933,53770,387,118,143,156,201,17746,9340,100,204,811,302,470,0,155,0,143,21223,2545,0,1144,8,1,4,171,1,4,175,8,2,1,10
11202.4,1624978648368,50.013338106,1,0,0,5,10,4,5,162,2,0,0,0,44,40,17882,0,26,0,79,1809,50074,9983,0,1,13023,11119,47726,48171,10512,1521,10497,1071,172,175,175,191,21232,7322,1058140,270,144,215,251,54000,53833,396,119,143,156,201,17879,9418,100,204,827,309,473,0,156,0,145,20737,2615,0,1175,8,1,4,169,1,4,173,8,2,1,10
11252.4,1624978703640,50.013460769,1,0,0,5,10,4,5,183,2,0,0,0,39,58,17912,0,32,0,75,1739,50230,10074,0,1,13544,11562,51315,51890,11446,1803,11448,1071,181,225,225,237,23540,8029,1074054,304,157,219,252,57344,57168,416,119,156,172,216,17906,9418,104,219,871,317,501,11,168,2,185,20825,2621,0,1158,6,1,4,164,1,4,168,2,2,1,6
11302.4,1624978758879,50.013293190,1,0,0,5,10,4,5,175,2,0,0,0,42,62,17472,0,26,0,67,1624,49913,9541,0,1,13176,11247,50771,51230,11258,1925,11252,1386,179,180,180,202,23587,7873,1066643,260,154,215,249,55877,55705,393,119,153,167,212,17469,9354,104,216,818,310,478,0,167,0,157,20534,2619,0,1150,6,1,4,162,1,4,166,2,2,1,6
11352.4,1624978814427,50.010895792,1,0,0,5,10,4,5,167,2,0,0,0,39,38,17677,0,26,0,74,1646,50028,9772,0,1,13076,11166,50317,51030,11131,1536,11139,1008,183,179,179,200,23223,7778,1065243,258,150,216,250,55635,55468,395,118,149,165,207,17676,9420,104,212,817,311,478,0,162,0,157,21392,2613,0,1178,6,1,4,162,1,4,166,2,2,1,6
11402.4,1624978869331,50.013389918,1,0,0,5,10,4,5,162,2,0,0,0,39,21,17320,0,30,0,72,1503,49890,9645,0,1,12675,10941,47553,48061,10504,1577,10493,1197,58,171,171,190,21248,7320,1053085,262,144,213,251,53247,53085,324,118,143,155,201,17319,9175,99,203,693,306,381,0,155,0,144,21015,2447,0,1129,6,1,4,161,1,4,165,2,2,1,6
11452.4,1624978924502,50.011024025,1,0,0,5,10,4,5,162,2,0,0,0,40,29,17436,0,28,0,75,1524,49863,9513,0,1,12644,10907,47484,48160,10513,1640,10477,1071,58,170,170,188,21374,7322,1054407,260,143,212,250,53270,53103,323,119,143,161,202,17431,9176,99,203,685,304,377,0,156,0,144,20682,2440,0,1127,6,1,4,160,1,4,164,2,2,1,6
11502.4,1624978979401,50.013257930,1,0,0,5,10,4,5,175,2,0,0,0,35,35,17510,0,28,0,72,1536,49955,9482,0,1,12881,10940,48756,49210,10850,1784,10856,1008,183,180,180,200,22659,7628,1059214,260,150,215,249,54415,54247,396,119,149,162,203,17509,9316,101,212,829,309,493,0,162,0,154,21091,2572,0,1164,6,1,4,163,1,4,167,2,2,1,6
11552.4,1624979034952,50.010039991,1,0,0,6,13,5,7,466,3,0,0,0,46,61,18965,0,68,0,80,2108,51554,11733,1,2,17171,14210,65349,66482,14617,2290,14136,1134,194,375,375,357,31150,10532,1130626,596,187,221,280,69682,69473,575,122,183,204,266,18962,9988,127,254,1295,368,735,13,206,2,261,20972,3036,0,1340,9,1,4,200,3,5,205,9,2,1,11
11602.4,1624979089802,50.013741900,1,0,0,5,11,4,6,163,2,0,0,0,43,42,17873,0,29,0,76,1781,50197,9843,0,1,13468,11483,50392,50955,11092,1668,11084,945,162,196,196,226,22717,7759,1068512,312,149,216,251,56541,56369,409,118,148,163,213,17870,9486,105,211,855,311,479,0,162,0,181,21526,2642,0,1244,7,1,5,163,0,4,167,7,3,2,10
11652.4,1624979145273,50.013652216,1,0,0,6,14,5,8,162,3,0,0,0,33,42,17674,0,27,0,76,1498,50022,9798,1,2,12976,11044,47750,48115,10494,1522,10492,1197,160,169,169,196,21209,7323,1059223,258,144,215,250,54178,54012,382,123,143,155,201,17667,9365,100,204,829,306,497,0,156,0,144,21438,2567,0,1185,8,2,5,164,1,5,169,8,3,2,11
11702.4,1624979200569,50.013487451,1,0,0,5,10,4,5,167,2,0,0,0,37,39,17835,0,29,0,64,1548,50257,10146,0,1,13154,11199,50345,50890,11117,1728,11115,1071,183,181,181,202,23287,7767,1068659,262,149,215,249,55731,55558,401,118,149,163,208,17832,9414,105,213,830,309,491,0,164,0,157,21197,2634,0,1153,8,1,4,162,1,4,166,8,2,1,10
11752.4,1624979255944,50.013521588,1,0,0,5,10,4,5,183,2,0,0,0,39,42,17880,0,25,0,69,1595,50272,10172,0,1,13378,11407,51442,52037,11380,1616,11381,1134,194,183,183,205,23796,7964,1071173,266,159,216,250,56870,56691,404,118,157,171,216,17877,9448,104,220,832,315,480,0,170,0,158,21095,2632,0,1162,8,1,4,166,1,4,170,8,2,1,10
11802.4,1624979311006,50.013260909,1,0,0,5,10,4,5,203,2,0,0,0,34,26,17287,0,32,0,70,1495,49998,9715,0,1,12931,11124,48403,48838,10702,1583,10691,1008,58,216,216,227,21623,7497,1055304,298,145,217,253,54272,54108,342,118,144,156,203,17288,9160,100,204,728,309,406,11,156,2,180,21237,2454,0,1084,8,1,4,152,1,4,156,8,2,1,10
11852.4,1624979366684,50.015909729,1,0,0,5,10,4,5,153,2,0,0,0,25,35,17306,0,26,0,66,1549,49622,9148,0,1,12492,10775,47071,47531,10388,1631,10379,1071,58,171,171,190,20947,7252,1055234,262,139,212,251,52829,52668,324,118,139,153,197,17303,9077,99,199,688,307,379,0,151,0,145,20889,2364,0,1095,8,1,4,156,1,4,160,8,2,1,10
11902.4,1624979422038,50.013357030,1,0,0,5,10,4,5,191,2,0,0,0,31,52,17768,0,32,0,64,1757,49927,9730,0,1,13354,11373,51855,52329,11545,1185,11533,630,183,181,181,201,24017,8043,1069770,262,162,215,249,57045,56861,397,118,161,176,220,17767,9345,104,224,822,308,474,0,176,0,156,21258,2537,0,1152,8,1,4,165,1,4,169,8,2,1,10
11952.4,1624979477347,50.013158887,1,0,0,5,10,4,5,183,2,0,0,0,27,82,17696,0,28,0,66,1701,49878,9383,0,1,13319,11296,51404,51816,12884,3193,12875,2457,171,181,181,202,23821,9428,1074894,262,158,214,250,56873,56696,389,118,157,173,216,17697,9330,105,221,842,310,509,0,172,0,156,21377,2502,0,1144,8,1,4,165,1,4,169,8,2,1,10
12002.4,1624979532486,50.013741010,1,0,0,5,10,4,5,158,2,0,0,0,22,45,17498,0,26,0,66,1541,49902,9557,0,1,12736,10859,47463,47786,10437,1394,10419,693,195,168,168,187,21190,7279,1057968,256,143,214,250,53649,53493,402,118,142,152,200,17490,9216,100,202,816,305,464,0,156,0,141,21106,2529,0,1178,8,1,4,155,1,4,159,8,2,1,10
12052.4,1624979588281,50.013151142,1,0,0,5,10,4,5,169,2,0,0,0,22,51,17496,0,56,0,79,1523,49993,9689,0,1,13085,11149,48299,48726,10686,1658,10675,1134,177,171,171,217,21460,7399,1061961,262,148,219,251,54553,54388,393,118,147,160,205,17491,9258,101,209,862,307,496,0,161,0,145,21033,2515,0,1183,8,1,4,161,1,4,165,8,2,1,10
12102.4,1624979643611,50.013313251,1,0,0,5,10,4,5,175,2,0,0,0,33,48,17549,0,47,0,74,1699,50147,9720,0,1,13523,11549,51650,52115,11434,1614,11436,1008,178,228,228,259,23912,8041,1055693,302,155,216,252,56926,56750,420,118,154,167,214,17546,9355,105,217,883,319,508,11,167,2,193,21256,2600,0,1151,8,1,4,168,1,4,172,8,2,1,10
12152.4,1624979699096,50.016013580,1,0,0,5,10,4,5,175,2,0,0,0,32,61,17643,0,26,0,72,1640,49957,9556,0,1,13212,11229,50863,51285,11256,1862,11251,1260,176,181,181,199,23524,7880,1067843,262,154,215,249,56199,56025,390,118,153,167,212,17638,9286,105,217,842,309,512,0,168,0,156,20973,2525,0,1164,8,1,4,171,1,4,175,8,2,1,10
12202.4,1624979754402,50.012279404,1,0,0,5,10,4,5,163,2,0,0,0,26,56,17163,0,45,0,74,1610,49620,9073,0,1,12758,11012,49671,49574,10910,1021,10878,567,58,185,185,220,22860,7642,1060531,270,147,213,250,54321,54154,328,117,146,155,204,17165,9127,102,207,724,312,395,0,159,0,156,21052,2394,0,1108,8,1,4,174,1,4,178,8,2,1,10
12252.4,1624979810090,50.012899013,1,0,0,5,10,4,5,182,2,0,0,0,36,63,17026,0,29,0,70,1585,49531,8959,0,1,12884,11107,49374,49914,10905,1345,10928,756,59,169,169,192,22033,7589,1057525,258,152,213,251,54703,54543,324,120,151,168,212,17025,9127,101,212,698,309,389,0,164,0,145,21058,2392,0,1114,8,1,4,163,1,4,167,8,2,1,10
12302.4,1624979865186,50.009916918,1,0,0,5,10,4,5,154,2,0,0,0,32,61,17497,0,37,0,78,1593,49863,9315,0,1,12854,10944,47204,47647,10370,1516,10381,819,176,169,169,198,20990,7235,1056466,258,140,214,250,53637,53485,392,118,139,153,197,17494,9254,101,201,837,304,488,0,153,0,144,21552,2530,0,1185,8,1,4,163,1,4,167,8,2,1,10
12352.4,1624979920417,50.013357055,1,0,0,5,10,4,5,193,2,0,0,0,33,77,17762,0,45,0,73,1636,50219,9799,0,1,13630,11615,52510,53005,11725,1819,11734,1323,160,230,230,252,24421,8229,1060317,306,163,219,251,57921,57736,406,118,162,175,222,17758,9333,105,225,866,313,499,11,175,2,193,21666,2559,0,1183,8,1,4,169,1,4,173,8,2,1,10
12402.4,1624979975946,50.013462071,1,0,0,5,10,4,5,167,2,0,0,0,31,86,17845,0,39,0,72,1624,50098,9865,0,1,13217,11226,50419,50940,11119,1666,11128,1197,183,186,186,214,23292,7785,1069823,272,149,215,250,56002,55829,402,119,149,163,208,17840,9409,105,213,862,312,507,0,163,0,159,21290,2569,0,1196,8,1,4,165,1,4,169,8,2,1,10
12452.4,1624980032061,50.012998799,1,0,0,5,10,4,5,162,2,0,0,0,31,70,17759,0,37,0,73,1680,50058,9742,0,1,12955,11073,47710,48149,10492,1396,10495,819,177,176,176,204,21198,7323,1060357,272,143,215,251,53953,53802,398,119,143,156,201,17756,9330,100,204,834,311,466,0,156,0,146,21227,2551,0,1186,8,1,4,154,1,4,158,8,2,1,10
12502.4,1624980087353,50.015952908,1,0,0,5,10,4,5,154,2,0,0,0,32,66,17603,0,37,0,79,1553,50004,9631,0,1,12802,10943,47225,47649,10374,1325,10365,945,171,169,169,198,20994,7229,1057946,258,140,215,251,53500,53340,387,118,139,152,197,17598,9308,100,200,814,307,465,0,152,0,144,21382,2557,0,1179,8,1,4,162,1,4,166,8,2,1,10
12552.4,1624980142612,50.013248394,1,0,0,5,10,4,5,183,2,0,0,0,29,95,17919,0,39,0,83,1653,50090,9909,0,1,13289,11306,51316,51721,11412,1682,11453,1197,183,181,181,211,23798,7961,1069950,262,158,215,249,56772,56597,397,119,157,171,216,17914,9429,105,221,844,310,495,0,172,0,155,20961,2591,0,1197,8,1,4,174,1,4,178,8,2,1,10
12602.4,1624980197871,50.013373659,1,0,0,5,10,4,5,167,2,0,0,0,40,68,17864,0,27,0,77,1689,49830,9206,0,1,13081,11149,50298,50839,11090,1788,11106,1386,177,181,181,201,23289,7782,1067144,262,150,220,249,55608,55442,393,119,149,164,208,17861,9490,104,212,813,309,471,0,162,0,157,21268,2595,0,1186,8,1,4,176,1,4,180,8,2,1,10
12652.4,1624980253096,50.013123624,1,0,0,5,10,4,5,172,2,0,0,0,35,47,17155,0,35,0,76,1472,49722,9035,0,1,12744,10971,46794,47217,10469,1388,10477,945,59,219,219,233,21001,7339,1035800,304,144,213,253,53194,53039,347,119,144,155,198,17154,9254,96,203,742,311,411,11,156,2,180,20881,2483,0,1122,8,1,4,162,1,4,166,8,2,1,10
12702.4,1624980308379,50.013101105,1,0,0,5,10,4,5,162,2,0,0,0,28,96,17566,0,26,0,62,1636,49676,8975,0,1,12963,11023,47768,48257,10491,1394,10492,819,184,172,172,189,21218,7308,1055117,264,144,215,251,54236,54071,401,118,143,157,201,17565,9381,101,205,838,307,493,0,156,0,145,20842,2549,0,1166,8,1,4,157,1,4,161,8,2,1,10
12752.4,1624980363478,50.013596446,1,0,0,5,10,4,5,169,2,0,0,0,39,100,17954,0,27,0,80,1755,50034,9644,0,1,13124,11169,50495,50857,11146,1731,11137,1197,189,177,177,199,23365,7793,1067961,254,152,215,249,55741,55583,397,118,151,164,210,17954,9435,105,214,834,309,498,0,166,0,155,20946,2603,0,1187,8,1,4,167,1,4,171,8,2,1,10
12802.4,1624980418851,50.013283561,1,0,0,5,10,4,5,175,2,0,0,0,28,110,18030,0,36,0,70,1737,50189,10390,0,1,13185,11208,50849,51367,11222,1483,11221,1071,178,179,179,210,23465,7848,1073131,258,154,215,249,56132,55972,394,118,153,167,212,18023,9473,104,216,841,309,496,0,167,0,157,21568,2625,0,1166,8,1,4,171,1,4,175,8,2,1,10
12852.4,1624980474029,50.013167759,1,0,0,5,10,4,5,170,2,0,0,0,26,81,17408,0,40,0,80,1689,49503,8698,0,1,12935,11025,48122,48573,10631,1276,10632,693,172,169,169,197,21469,7398,1058519,258,148,214,250,54314,54150,390,118,147,160,205,17403,9358,100,208,821,303,464,0,159,0,142,20554,2521,0,1156,8,1,4,166,1,4,170,8,2,1,10
12902.4,1624980529085,50.013315656,1,0,0,5,10,4,5,154,2,0,0,0,22,87,17407,0,32,0,74,1681,49750,8983,0,1,13019,11116,48021,48429,10546,2148,10541,1512,171,219,219,233,21352,7392,1053956,304,140,219,253,54366,54209,410,118,140,152,199,17404,9315,101,201,850,314,486,11,153,2,180,20183,2544,0,1144,8,1,4,152,1,4,156,8,2,1,10
12952.4,1624980584327,50.013228659,1,0,0,5,10,4,5,175,2,0,0,0,37,74,17825,0,28,0,62,1688,50082,9930,0,1,13273,11310,50898,51349,11243,2364,11257,1638,165,185,185,205,23514,7865,1070926,270,154,215,250,56220,56059,389,118,153,167,212,17820,9422,104,216,827,312,484,0,166,0,161,21215,2622,0,1166,8,1,4,168,1,4,172,8,2,1,10
13002.4,1624980639797,50.013252860,1,0,0,5,10,4,5,167,2,0,0,0,31,63,17878,0,26,0,77,1736,50036,9765,0,1,13063,11120,50267,50778,11117,2044,11106,1764,177,181,181,203,23284,7801,1066854,262,150,215,249,55379,55212,393,118,149,163,208,17875,9352,105,213,827,311,491,0,164,0,157,19843,2587,0,1175,7,1,4,170,1,4,174,7,2,1,9
13052.4,1624980695398,50.011487746,1,0,0,5,10,4,5,175,2,0,0,0,26,68,17634,0,26,0,75,1582,49839,9785,0,1,12839,11054,50690,51077,11230,1602,11233,1134,58,179,179,199,23421,7863,1067224,258,154,212,250,55467,55295,322,118,153,167,211,17631,9220,103,215,697,309,398,0,167,0,157,21261,2442,0,1124,8,1,4,165,1,4,169,8,2,1,10
13102.4,1624980750667,50.013118661,1,0,0,5,10,4,5,162,2,0,0,0,41,44,17498,0,25,0,71,1639,49877,9785,0,1,12671,10940,47572,48085,10547,1639,10513,945,58,168,168,189,21228,7308,1056861,256,143,213,251,53301,53141,321,118,143,155,201,17495,9208,99,203,689,308,384,0,155,0,144,21425,2466,0,1151,8,1,4,159,1,4,163,8,2,1,10
13152.4,1624980806830,50.010295479,1,0,0,10,23,548,15,8602,8,0,0,0,31,151,3083642,0,48,539,90,14393,1297957,34765,548,2,185954,150030,146135,144792,25188,7182,24593,5607,186,766,767,722,49431,19544,12235410,1420,231,777,926,2166832,2166562,975,123,229,254,337,3083814,1937719,174,302,2335,344,1026,18,264,4,667,3670562,3663,0,1244,14,2,7,1063,6,546,1609,9,3,2,11
13202.4,1624980863976,50.010445358,1,0,0,5,10,4,5,175,2,0,0,0,0,84,6107745,0,33,0,66,20546,2497264,50392,0,1,237598,186149,52793,53185,10625,1475,10624,819,172,1184,1184,1089,21307,7372,22487418,2250,137,1320,251,4041144,4040968,1382,118,137,154,235,6107394,3870502,107,201,2782,290,526,11,154,2,1040,7565849,3814,0,921,8,1,4,161,1,4,165,8,2,1,10
13252.4,1624980920990,50.010301073,1,0,0,6,13,6,7,146,3,0,0,0,0,91,5826757,0,28,0,74,25526,2262239,50440,4,2,237556,185857,49271,50407,9825,1571,10295,1449,188,1079,1079,953,19305,6708,21098256,2094,134,1322,249,3996837,3996684,1316,122,133,148,224,5826416,3829162,100,198,2676,284,509,4,147,1,905,7037579,3643,0,845,9,1,4,171,8,6,177,9,2,1,11
