time,timestamp,seconds,connectivity,alarmtimer:alarmtimer_fired,alarmtimer:alarmtimer_start,block:block_bio_backmerge,block:block_bio_remap,block:block_dirty_buffer,block:block_getrq,block:block_touch_buffer,block:block_unplug,cachefiles:cachefiles_create,cachefiles:cachefiles_lookup,cachefiles:cachefiles_mark_active,clk:clk_set_rate,cpu-migrations,cs,dma_fence:dma_fence_init,fib:fib_table_lookup,filemap:mm_filemap_add_to_page_cache,gpio:gpio_value,ipi:ipi_raise,irq:irq_handler_entry,irq:softirq_entry,jbd2:jbd2_handle_start,jbd2:jbd2_start_commit,kmem:kfree,kmem:kmalloc,kmem:kmem_cache_alloc,kmem:kmem_cache_free,kmem:mm_page_alloc,kmem:mm_page_alloc_zone_locked,kmem:mm_page_free,kmem:mm_page_pcpu_drain,mmc:mmc_request_start,net:net_dev_queue,net:net_dev_xmit,net:netif_rx,page-faults,pagemap:mm_lru_insertion,preemptirq:irq_enable,qdisc:qdisc_dequeue,random:get_random_bytes,random:mix_pool_bytes_nolock,random:urandom_read,raw_syscalls:sys_enter,raw_syscalls:sys_exit,rpm:rpm_resume,rpm:rpm_suspend,sched:sched_process_exec,sched:sched_process_free,sched:sched_process_wait,sched:sched_switch,sched:sched_wakeup,signal:signal_deliver,signal:signal_generate,skb:consume_skb,skb:kfree_skb,skb:skb_copy_datagram_iovec,sock:inet_sock_set_state,task:task_newtask,tcp:tcp_destroy_sock,tcp:tcp_probe,timer:hrtimer_start,timer:timer_start,udp:udp_fail_queue_rcv_skb,workqueue:workqueue_activate_work,writeback:global_dirty_state,writeback:sb_clear_inode_writeback,writeback:wbc_writepage,writeback:writeback_dirty_inode,writeback:writeback_dirty_inode_enqueue,writeback:writeback_dirty_page,writeback:writeback_mark_inode_dirty,writeback:writeback_pages_written,writeback:writeback_single_inode,writeback:writeback_write_inode,writeback:writeback_written
50.0106,1624981775917,50.010648737,1,0,0,110,139,8159,29,8786,8,0,0,0,4,76,6154940,0,29,33,212,11057,2198373,26958,8347,4,188575,136294,67751,68948,21031,11348,21498,11307,106,1076,1076,37,38326,17931,21809203,2203,82,415,259,4212651,4212547,114,129,80,94,175,6154840,3989913,99,141,3006,319,1236,4,93,1,916,7551396,3151,0,488,10,82,18,8431,46,52,8479,10,85,84,15
100.021,1624981832463,50.010495547,1,0,0,10,16,4,6,74,2,0,0,0,4,58,5935848,0,29,0,120,14685,1983959,24742,0,1,188918,136577,55700,56538,20540,11650,20597,11402,60,1076,1076,33,37108,17594,20501868,2211,72,417,259,4196838,4196749,102,118,71,85,160,5935685,3985210,93,123,2966,320,1160,0,85,0,911,7313793,2946,0,437,7,1,10,252,12,2,254,7,2,1,9
150.032,1624981889107,50.010674722,1,0,0,5,10,4,5,92,2,0,0,0,10,72,6137761,0,27,0,116,15593,2185667,25648,0,1,189750,137115,53674,54544,20144,11298,20191,10709,58,1081,1081,33,36255,17334,21714234,2221,69,420,259,4196314,4196231,102,118,67,78,151,6137670,3984879,89,118,2975,319,1161,0,78,0,914,7685662,2909,0,438,8,1,4,242,13,4,246,8,2,1,10
200.046,1624981945897,50.014004047,1,0,0,5,10,4,5,135,2,0,0,0,16,96,6097343,0,35,0,116,8574,2175425,26101,0,1,192169,139211,60467,60545,24119,14019,21561,11213,58,1124,1125,60,42374,20941,21605399,2253,79,419,267,4174579,4174482,102,117,78,89,167,6097123,3955701,94,129,3139,333,1366,11,90,2,938,7590882,3067,0,454,8,1,4,248,14,4,252,8,2,1,10
250.055,1624982003393,50.009315395,1,0,0,5,10,4,5,116,2,0,0,0,12,107,5828673,0,28,0,118,18857,1976926,25028,0,1,193014,139796,61751,62615,24167,13959,24223,13669,59,1084,1084,37,43816,20943,20277828,2219,82,419,265,4104502,4104403,104,120,80,95,172,5828563,3883089,94,131,3143,332,1406,0,94,0,916,7070688,3080,0,472,8,1,4,273,16,4,277,8,2,1,10
300.067,1624982060105,50.011823951,1,0,0,5,10,4,5,107,2,0,0,0,18,69,6048170,0,28,0,116,12190,2138117,26134,0,1,191775,138934,62486,63159,24346,13554,24317,13103,58,1077,1077,37,44102,21061,21359866,2205,86,417,265,4164983,4164873,102,117,84,92,176,6048013,3943705,94,135,3134,332,1407,0,97,0,919,7441753,3123,0,488,8,1,4,277,16,4,281,8,2,1,10
350.078,1624982116981,50.010963062,1,0,0,5,10,4,5,75,2,0,0,0,10,60,6201154,0,26,0,116,6568,2282440,27110,0,1,190717,137689,59338,60586,22495,13009,23866,13890,58,1079,1079,37,41801,19407,22234189,2209,77,418,259,4170435,4170339,102,118,75,90,168,6201088,3952615,94,127,3113,324,1381,0,88,0,918,7764793,3075,0,468,8,1,4,271,16,4,275,8,2,1,10
400.089,1624982173510,50.011264041,1,0,0,5,10,4,5,82,2,0,0,0,0,69,5911136,0,28,0,116,13157,2003239,24665,0,1,188728,136455,56065,56453,20694,11654,20722,11559,58,1073,1073,33,37297,17685,20549570,2205,76,416,259,4151657,4151551,102,118,75,89,164,5910627,3940050,93,127,2960,320,1170,0,89,0,900,7302062,2934,0,444,8,1,4,238,13,4,242,8,2,1,10
450.1,1624982230736,50.010577759,1,0,0,5,10,4,5,82,2,0,0,0,0,113,5833627,0,32,0,116,17059,1907192,24601,0,1,187709,135721,56284,57249,20775,11652,20892,11370,58,1110,1111,60,37500,17776,19985233,2224,74,414,261,4168357,4168266,102,118,72,87,162,5833528,3956828,94,124,2982,324,1183,11,84,2,935,7229438,2908,0,415,7,1,4,248,13,4,252,7,2,1,9
500.113,1624982288132,50.012976130,1,0,0,5,10,4,5,81,2,0,0,0,3,83,6221281,0,26,0,116,11936,2303605,26248,0,1,188799,136520,56586,56861,20681,11523,20685,11150,58,1070,1070,33,37485,17691,22346851,2198,72,416,263,4160549,4160459,102,118,72,84,160,6221047,3948254,93,123,2972,328,1183,0,84,0,908,7864391,2937,0,459,8,1,4,249,13,4,253,8,2,1,10
550.126,1624982343835,50.012664117,1,0,0,5,10,4,5,98,2,0,0,0,8,80,6005401,0,26,0,116,18966,2104782,25502,0,1,191491,138975,59492,59904,22063,12098,21154,11181,58,1081,1081,37,39578,18943,21117012,2213,80,422,264,4150923,4150815,102,118,78,90,168,6005003,3933938,94,129,2988,327,1195,0,91,0,915,7422982,3172,0,463,7,1,4,250,14,4,254,7,2,1,9
600.144,1624982400574,50.018354581,1,0,0,5,10,4,5,109,2,0,0,0,14,90,5914230,0,26,0,116,18578,1994465,24654,0,1,193179,139905,61203,62047,24056,13922,24126,13638,58,1080,1080,37,43670,20885,20551814,2211,78,420,265,4174096,4174005,102,118,77,89,168,5914031,3953109,94,127,3134,332,1406,0,89,0,901,7267313,3094,0,472,8,1,4,274,16,4,278,8,2,1,10
650.155,1624982457884,50.010628893,1,0,0,6,12,5,6,1036,2,0,0,0,12,132,5950919,0,27,0,122,27539,2078426,26110,1,1,193541,139630,73965,76512,27028,14465,26858,13985,61,1129,1129,37,50231,23091,20995302,2309,105,417,291,4136118,4135990,104,119,101,122,217,5950908,3906164,114,159,3314,340,1568,0,121,0,1000,7249266,3182,0,605,8,1,5,305,17,5,310,8,3,2,11
700.168,1624982514446,50.013382311,1,0,0,5,10,4,5,114,2,0,0,0,14,91,6010564,0,26,0,116,13537,2125232,25634,0,1,191987,138958,59882,60624,23888,13953,23952,13639,58,1073,1073,33,42910,20748,21214315,2205,74,419,265,4137736,4137638,102,118,74,87,164,6010237,3919040,93,125,3132,333,1406,0,88,0,907,7408711,3074,0,485,8,1,4,265,16,4,269,8,2,1,10
750.184,1624982571622,50.016483446,1,0,0,5,10,4,5,123,2,0,0,0,14,68,6015843,0,37,0,116,12966,2103403,26071,0,1,190173,137440,57570,58809,21030,11783,23689,13922,58,1121,1122,60,38914,17938,21147683,2247,78,419,261,4160849,4160752,102,118,77,90,169,6015708,3946231,94,129,3025,328,1214,11,89,2,947,7505130,3123,0,491,8,1,4,255,16,4,259,8,2,1,10
800.195,1624982628408,50.010673891,1,0,0,5,10,4,5,80,2,0,0,0,16,64,6106278,0,26,0,118,26994,2195634,25864,0,1,188395,136255,56350,57246,20686,11182,20743,10677,59,1068,1068,33,37340,17661,21689613,2195,76,420,259,4156538,4156441,104,120,75,89,164,6106105,3944734,93,127,2956,321,1172,0,87,0,912,7617875,3095,0,470,8,1,4,251,13,4,255,8,2,1,10
850.204,1624982684958,50.009115581,1,0,0,5,10,4,5,76,2,0,0,0,8,49,6055386,0,26,0,116,11501,2105747,26040,0,1,190226,137563,55050,55849,20323,11365,20407,10992,58,1083,1083,37,37008,17469,21213223,2217,71,420,258,4196451,4196361,102,118,69,81,155,6055220,3983687,90,120,2965,315,1159,0,81,0,916,7493206,2964,0,454,8,1,4,247,13,4,251,8,2,1,10
900.215,1624982741182,50.010510408,1,0,0,5,10,4,5,75,2,0,0,0,10,59,5977849,0,27,0,116,8800,2038951,25382,0,1,189172,136893,57140,58093,20716,11778,20832,11591,58,1079,1079,37,37878,17720,20792197,2209,74,416,259,4187110,4187014,102,118,73,89,164,5977779,3973339,94,125,2961,319,1165,0,86,0,909,7325989,2932,0,455,8,1,4,252,13,4,256,8,2,1,10
950.225,1624982798474,50.010151522,1,0,0,5,10,4,5,95,2,0,0,0,2,92,6076607,0,25,0,116,8774,2177093,25348,0,1,191132,138436,61308,61904,24003,13954,24038,13984,58,1073,1073,37,43618,20852,21570015,2197,77,415,265,4153100,4152993,102,117,76,90,168,6076211,3933383,94,127,3118,332,1405,0,89,0,916,7506374,3010,0,466,8,1,4,266,16,4,270,8,2,1,10
1000.24,1624982854811,50.014638971,1,0,0,5,10,4,5,101,2,0,0,0,8,99,5913359,0,49,0,116,12919,2003770,26298,0,1,192184,139119,61183,61950,24263,13962,24324,13387,58,1120,1121,60,43460,21030,20571625,2245,81,418,268,4162971,4162868,102,117,79,93,170,5913088,3943295,94,130,3191,340,1434,11,93,2,946,7190985,3132,0,474,7,1,4,257,16,4,261,7,2,1,9
1050.25,1624982911373,50.010180732,1,0,0,5,10,4,5,97,2,0,0,0,6,58,6166469,0,29,0,116,8367,2298311,27620,0,1,191515,138618,60337,61011,23899,13637,23923,13324,58,1071,1071,33,42924,20761,22243330,2201,74,421,265,4120377,4120277,102,119,74,87,164,6166088,3901363,93,125,3130,333,1410,0,86,0,912,7668929,3070,0,477,8,1,4,273,16,4,277,8,2,1,10
1100.26,1624982968373,50.011003019,1,0,0,5,10,4,5,90,2,0,0,0,2,85,5868648,0,26,0,116,23550,1977059,25614,0,1,190542,137476,58320,59543,22703,12849,23741,13323,58,1076,1076,33,41477,19621,20330936,2211,75,418,260,4142860,4142771,102,118,73,87,164,5868567,3925673,93,125,3117,325,1383,0,86,0,902,7139097,3008,0,468,8,1,4,259,16,4,263,8,2,1,10
1150.27,1624983025240,50.009214276,1,0,0,5,10,4,5,70,2,0,0,0,8,55,6043507,0,30,0,116,16246,2122816,25772,0,1,188292,136244,56995,57838,20717,12219,20786,11591,58,1077,1077,37,37840,17694,21215593,2203,75,415,258,4170239,4170143,102,118,73,86,164,6043330,3957315,94,125,2956,316,1159,0,86,0,913,7446335,2975,0,453,8,1,4,247,13,4,251,8,2,1,10
1200.28,1624983081986,50.011767017,1,0,0,5,10,4,5,85,2,0,0,0,1,69,6077527,0,28,0,116,16122,2186762,25807,0,1,189904,137405,57084,57875,20727,11589,20773,11245,58,1083,1083,37,37887,17695,21582281,2217,75,419,259,4137394,4137293,102,118,73,86,164,6077232,3923232,94,125,2969,319,1169,0,86,0,919,7582781,2930,0,450,8,1,4,243,13,4,247,8,2,1,10
1250.3,1624983139096,50.015273318,1,0,0,5,10,4,5,76,2,0,0,0,2,71,6014945,0,32,0,118,13149,2070010,25296,0,1,189800,137346,57780,58584,20929,11182,20965,11181,59,1126,1127,64,38279,17860,20978108,2249,75,418,261,4193600,4193491,104,120,74,89,166,6014760,3978399,95,126,3006,323,1195,11,87,2,945,7403073,2993,0,452,8,1,4,247,13,4,251,8,2,1,10
1300.31,1624983195952,50.010580992,1,0,0,5,10,4,5,89,2,0,0,0,4,79,6043555,0,26,0,116,11376,2136841,26867,0,1,192141,139026,59889,60789,23891,14046,23927,13355,58,1078,1078,33,42939,20752,21371767,2215,76,419,265,4157162,4157068,102,117,74,86,164,6043498,3938372,93,125,3134,325,1399,0,87,0,910,7461202,3134,0,481,8,1,4,269,16,4,273,8,2,1,10
1350.32,1624983253075,50.013522803,1,0,0,5,10,4,5,95,2,0,0,0,7,92,5924634,0,28,0,116,9666,2044555,25493,0,1,191802,138819,60435,61219,26052,15882,24063,13544,58,1075,1075,33,43156,22893,20744665,2209,79,421,265,4133686,4133588,102,118,78,91,168,5924369,3914634,93,129,3143,333,1408,0,93,0,906,7313451,2983,0,472,8,1,4,266,16,4,270,8,2,1,10
1400.33,1624983310363,50.010494304,1,0,0,5,10,4,5,92,2,0,0,0,0,77,6013616,0,26,0,116,22429,2125827,26250,0,1,191570,138636,59905,60763,23863,14014,23948,13701,58,1074,1074,33,42992,20761,21270886,2207,75,417,265,4141017,4140925,102,117,74,86,164,6013475,3922181,93,125,3130,333,1402,0,86,0,907,7405493,2967,0,456,8,1,4,275,16,4,279,8,2,1,10
1450.34,1624983367111,50.013853090,1,0,0,5,10,4,5,73,2,0,0,0,0,62,6095641,0,26,0,116,8264,2231533,25249,0,1,189909,136997,57578,58749,21403,11777,23567,13418,58,1072,1072,33,40135,18310,21801003,2202,74,417,259,4114006,4113913,102,118,73,86,164,6095599,3898383,93,125,3111,325,1380,0,85,0,901,7643662,2975,0,462,8,1,4,276,16,4,280,8,2,1,10
1500.35,1624983423671,50.011577449,1,0,0,5,10,4,5,76,2,0,0,0,2,68,5909653,0,27,0,116,11694,2003087,24548,0,1,190427,137767,57181,57998,20719,11463,20758,11056,58,1085,1085,37,37934,17657,20522242,2221,75,420,259,4155818,4155723,102,117,73,86,164,5909469,3940557,94,125,2973,319,1162,0,86,0,914,7311289,2930,0,439,7,1,4,237,13,4,241,7,2,1,9
1550.36,1624983480346,50.010715545,1,0,0,5,10,4,5,70,2,0,0,0,2,59,6066048,0,25,0,116,19719,2180461,24895,0,1,189495,137041,55493,56506,20395,10895,20598,10835,58,1108,1109,55,37229,17518,21562357,2231,72,418,259,4127350,4127262,102,118,70,86,158,6065873,3914097,91,121,2984,320,1182,7,83,2,942,7557886,2991,0,436,8,1,4,243,13,4,247,8,2,1,10
1600.37,1624983536774,50.010715721,1,0,0,5,10,4,5,84,2,0,0,0,10,65,6032195,0,25,0,116,20232,2145152,26624,0,1,190419,137799,57629,58496,20867,10901,20918,10646,58,1079,1079,37,38100,17819,21352067,2209,79,423,259,4134262,4134160,102,118,77,90,168,6032014,3919152,94,129,2966,319,1169,0,90,0,914,7551419,2997,0,456,8,1,4,249,13,4,253,8,2,1,10
1650.38,1624983593102,50.010023982,1,0,0,5,10,4,5,101,2,0,0,0,4,88,6007704,0,25,0,116,11058,2173246,25636,0,1,191101,138583,57352,57438,21856,11905,20816,11087,58,1075,1075,33,38732,18794,21414543,2209,73,418,264,4080120,4080021,102,118,72,85,160,6007371,3865901,93,123,2980,328,1186,0,87,0,910,7533904,2888,0,447,8,1,4,248,13,4,252,8,2,1,10
1700.39,1624983649845,50.010765961,1,0,0,5,10,4,5,105,2,0,0,0,14,74,5932110,0,28,0,116,12842,2048972,26330,0,1,191531,138667,60361,61189,24039,14616,24074,14268,58,1072,1072,33,43179,20886,20781763,2203,79,417,265,4134067,4133975,102,118,78,91,168,5932108,3915737,93,129,3129,333,1408,0,90,0,910,7274172,3035,0,482,7,1,4,264,16,4,268,7,2,1,9
1750.4,1624983706580,50.011247315,1,0,0,5,10,4,5,84,2,0,0,0,4,57,6083779,0,26,0,116,8486,2158581,25389,0,1,192563,139365,59815,60600,23832,14235,23890,14016,58,1076,1076,33,42982,20756,21508323,2210,76,419,264,4178108,4178010,102,119,74,86,164,6083626,3958925,93,125,3133,329,1407,0,86,0,910,7482906,3010,0,480,8,1,4,272,16,4,276,8,2,1,10
1800.42,1624983763581,50.018528819,1,0,0,5,10,4,5,93,2,0,0,0,0,84,6003299,0,32,0,116,17999,2071421,24983,0,1,192354,139332,62155,62957,24294,13203,24338,13166,58,1120,1121,64,44125,21047,21030470,2237,79,417,267,4186451,4186353,102,119,78,91,170,6002878,3964587,95,128,3164,337,1431,11,91,2,954,7378692,3000,0,463,8,1,4,278,16,4,282,8,2,1,10
1850.44,1624983820890,50.016193403,1,0,0,5,10,4,5,83,2,0,0,0,2,53,6126388,0,27,0,116,9941,2239312,26824,0,1,191951,138793,63228,64412,23289,13052,24467,13544,58,1192,1192,37,43153,20000,21945143,2435,83,425,259,4145281,4145171,102,119,82,97,179,6126285,3921995,98,136,3348,326,1395,0,96,0,953,7625662,3173,0,598,8,1,4,274,16,4,278,8,2,1,10
1900.45,1624983878105,50.010622949,1,0,0,5,10,4,5,83,2,0,0,0,4,88,5963422,0,31,0,116,21782,2041553,24977,0,1,190868,138265,61884,62721,21683,11229,21721,10741,58,1131,1131,37,39895,18349,20801476,2313,85,420,259,4176711,4176605,102,119,83,100,181,5963270,3957478,101,139,3073,321,1207,0,99,0,983,7311179,3057,0,543,8,1,4,252,13,4,256,8,2,1,10
1950.46,1624983934873,50.010438222,1,0,0,5,10,4,5,70,2,0,0,0,6,64,5998564,0,36,0,116,13915,2119274,24710,0,1,190237,137530,55753,56593,20593,11588,20650,11496,58,1082,1082,33,37219,17582,21145856,2223,73,420,260,4127325,4127226,102,118,71,84,160,5998360,3914156,93,123,2993,326,1172,0,83,0,914,7472717,3030,0,456,8,1,4,249,13,4,253,8,2,1,10
2000.47,1624983991846,50.010516696,1,0,0,5,10,4,5,64,2,0,0,0,4,69,6070791,0,25,0,118,7549,2149034,25682,0,1,189676,137124,55656,56603,20571,11776,20656,11559,59,1075,1075,33,37173,17594,21400003,2209,72,419,259,4167181,4167091,104,120,71,85,160,6070656,3954944,93,123,2963,320,1164,0,83,0,917,7632164,2908,0,454,7,1,4,243,13,4,247,7,2,1,9
2050.48,1624984047370,50.011015496,1,0,0,5,10,4,5,85,2,0,0,0,4,84,6098984,0,42,0,116,8366,2171788,26174,0,1,191783,139073,58389,58752,22695,12725,21041,11055,58,1121,1122,60,39878,19660,21592606,2247,74,420,266,4175985,4175888,102,118,73,85,162,6098878,3960033,94,124,3030,328,1203,11,85,2,940,7616558,3045,0,458,8,1,4,241,13,4,245,8,2,1,10
2100.49,1624984104125,50.010541105,1,0,0,5,10,4,5,114,2,0,0,0,6,107,6003744,0,42,0,116,20914,2048062,25853,0,1,192856,139712,62679,63491,24474,14094,24551,13638,58,1085,1085,37,44366,21148,20938015,2221,89,419,265,4207492,4207379,102,118,88,101,180,6003557,3985417,94,139,3157,332,1409,0,102,0,913,7297444,3085,0,496,8,1,4,284,16,4,288,8,2,1,10
2150.5,1624984161156,50.009234552,1,0,0,5,10,4,5,102,2,0,0,0,4,89,5990593,0,26,0,116,6247,2042510,25547,0,1,191973,139054,61723,62566,24183,13550,24252,13071,58,1077,1077,37,43915,20965,20836407,2205,82,416,265,4203362,4203260,102,118,80,94,172,5990387,3982736,95,132,3134,332,1410,0,94,0,910,7353311,2960,0,477,8,1,4,259,16,4,263,8,2,1,10
2200.51,1624984218574,50.012317153,1,0,0,5,10,4,5,99,2,0,0,0,12,73,6187090,0,26,0,118,9751,2262813,26812,0,1,192410,139360,61275,61618,24013,14018,24010,13606,59,1081,1081,37,43641,20868,22148042,2212,77,418,265,4177703,4177600,104,119,76,89,168,6186390,3957030,94,127,3135,332,1405,0,90,0,918,7724763,3023,0,473,8,1,4,269,16,4,273,8,2,1,10
2250.52,1624984275264,50.009716625,1,0,0,5,10,4,5,77,2,0,0,0,2,87,6007163,0,26,0,116,22193,2044891,24534,0,1,188893,136294,57835,59054,21932,11839,23740,13197,58,1067,1067,33,40702,18872,20921735,2193,74,414,260,4209547,4209447,102,119,73,86,164,6007079,3994594,93,125,3100,328,1380,0,85,0,908,7387281,2944,0,458,8,1,4,268,16,4,272,8,2,1,10
2300.53,1624984331539,50.010519874,1,0,0,5,10,4,5,79,2,0,0,0,8,52,6131750,0,25,0,116,10128,2175879,24832,0,1,190291,137562,55717,56490,20542,11146,20611,10961,58,1079,1080,33,37157,17586,21637081,2217,73,421,259,4203381,4203287,102,118,71,83,160,6131619,3990268,93,123,2973,320,1162,0,83,0,912,7602051,2933,0,447,8,1,4,248,13,4,252,8,2,1,10
2350.54,1624984388481,50.010923314,1,0,0,6,14,6,8,82,3,0,0,0,0,77,6174165,0,27,0,128,3764,2235656,26343,4,2,190651,137648,56693,58273,20752,11023,21297,11213,64,1081,1081,33,37601,17717,21950870,2221,77,421,259,4187450,4187357,106,122,75,90,168,6173965,3972947,98,135,3032,322,1240,4,87,1,914,7741052,2963,0,484,10,1,5,264,19,6,270,9,2,1,11
2400.55,1624984445303,50.010422454,1,0,0,5,11,4,6,73,3,0,0,0,30,73,6102366,0,26,0,122,16980,2118869,25363,1,1,189212,136955,57436,58185,20815,11216,20885,10930,61,1074,1074,37,38149,17783,21382857,2199,79,421,258,4231402,4231304,106,122,77,90,168,6102213,4017590,94,129,2956,316,1169,0,91,0,911,7614172,3032,0,475,8,2,4,235,13,4,239,8,3,2,11
2450.56,1624984502219,50.010467732,1,0,0,5,10,4,5,84,2,0,0,0,42,76,6258906,0,26,0,116,11768,2304224,26485,0,1,191408,138973,59315,59809,23185,13228,21204,11496,58,1078,1078,37,40683,20080,22430196,2207,75,419,265,4204714,4204623,102,117,74,91,164,6258782,3987827,94,125,2977,327,1188,0,87,0,919,7820999,3041,0,458,8,1,4,249,13,4,253,8,2,1,10
2500.57,1624984559040,50.009055385,1,0,0,5,10,4,5,90,2,0,0,0,12,86,6027106,0,26,0,116,15829,2059023,25599,0,1,192917,139717,61387,62187,24041,13892,24108,13606,58,1081,1081,37,43697,20851,21029445,2213,78,418,265,4223542,4223447,102,118,76,89,168,6026865,4002117,94,127,3135,332,1405,0,90,0,921,7411008,3050,0,481,8,1,4,269,16,4,273,8,2,1,10
2550.58,1624984616676,50.011977022,1,0,0,5,10,4,5,89,2,0,0,0,20,90,6206723,0,119,0,116,19320,2261513,26474,0,1,191819,138837,60001,60788,23901,14336,23957,14142,58,1076,1076,33,42947,20757,22183067,2211,76,420,266,4196504,4196410,102,117,74,86,164,6206579,3978143,93,125,3161,410,1407,0,86,0,915,7737734,3072,0,471,7,1,4,268,16,4,272,7,2,1,9
2600.59,1624984673902,50.010702969,1,0,0,5,10,4,5,76,2,0,0,0,6,75,6043805,0,40,0,116,16647,2034305,24633,0,1,188720,136458,56771,57760,20913,11750,21050,11685,58,1117,1118,60,37782,17867,20947430,2239,78,416,261,4253624,4253525,102,118,76,91,166,6043590,4041045,94,128,3002,327,1187,11,88,2,940,7496578,2952,0,450,8,1,4,236,13,4,240,8,2,1,10
2650.6,1624984730692,50.011144072,1,0,0,5,10,4,5,70,2,0,0,0,21,67,6033636,0,43,0,116,15244,2066221,25437,0,1,190540,137771,56118,56660,20698,11183,20689,10772,58,1084,1084,33,37360,17673,21050189,2227,75,425,259,4212939,4212846,102,118,75,89,164,6033432,3999879,93,127,2999,323,1165,0,88,0,906,7459264,2975,0,429,8,1,4,244,13,4,248,8,2,1,10
2700.61,1624984787891,50.012733508,1,0,0,5,10,4,5,72,2,0,0,0,6,64,6125564,0,46,0,116,10973,2152562,26175,0,1,189298,136834,55544,56314,20568,12059,20584,11622,58,1073,1073,33,37213,17573,21565604,2205,73,418,258,4218331,4218234,102,118,71,83,160,6125312,4006405,93,123,2977,316,1158,0,83,0,909,7610664,2953,0,426,8,1,4,249,13,4,253,8,2,1,10
2750.62,1624984845202,50.010519597,1,0,0,5,10,4,5,86,2,0,0,0,14,110,6081992,0,30,0,116,11349,2123048,25446,0,1,191016,138376,61771,62603,24039,13798,24093,13701,58,1072,1072,37,43671,20864,21345750,2195,78,415,264,4212403,4212301,102,118,76,90,168,6081791,3992462,94,127,3116,333,1407,0,90,0,915,7403576,3033,0,464,8,1,4,270,16,4,274,8,2,1,10
2800.63,1624984901920,50.008730476,1,0,0,5,10,4,5,86,2,0,0,0,6,47,6175886,0,47,0,116,4831,2207301,26181,0,1,193057,139817,61705,62346,24187,14558,24189,14174,58,1086,1086,37,43923,20949,21919417,2223,81,419,265,4221247,4221140,102,118,80,93,172,6175536,3999726,94,131,3162,335,1403,0,93,0,919,7705389,3069,0,472,8,1,4,269,16,4,273,8,2,1,10
2850.64,1624984958998,50.010531851,1,0,0,5,10,4,5,87,2,0,0,0,26,73,6276243,0,49,0,116,13206,2329483,26375,0,1,193247,139998,62097,62748,24287,14338,24345,13922,58,1129,1130,64,44103,21074,22573646,2255,78,421,268,4204089,4203986,102,117,77,90,170,6276075,3982397,95,128,3202,340,1435,11,90,2,955,7869749,3164,0,482,8,1,4,267,16,4,271,8,2,1,10
2900.65,1624985016183,50.013569318,1,0,0,5,10,4,5,76,2,0,0,0,18,52,6130695,0,36,0,116,5475,2164712,25451,0,1,190177,137505,56211,57017,20727,11812,20771,11748,58,1078,1078,33,37380,17684,21615560,2215,76,424,260,4209715,4209621,102,117,75,88,164,6130531,3996497,93,127,2985,323,1165,0,88,0,913,7648704,2974,0,467,8,1,4,243,13,4,247,8,2,1,10
2950.66,1624985072695,50.014746628,1,0,0,5,10,4,5,73,2,0,0,0,14,60,6321088,0,34,0,116,11397,2370627,26437,0,1,187442,135540,55585,56432,20537,11272,20592,10898,58,1065,1065,33,37141,17582,22784827,2189,72,414,259,4195554,4195463,102,118,71,84,160,6321016,3985096,93,123,2950,320,1162,0,84,0,906,7958051,2948,0,457,8,1,4,246,13,4,250,8,2,1,10
3000.68,1624985129970,50.022522441,1,0,0,5,10,4,5,72,2,0,0,0,10,61,6132762,0,39,0,116,10339,2148909,25759,0,1,189324,136903,56851,57764,20721,11748,20751,11433,58,1076,1076,33,37402,17687,21569486,2211,77,418,259,4230702,4230610,102,118,76,88,165,6132656,4017153,93,127,2977,320,1163,0,88,0,913,7595504,3103,0,451,8,1,4,231,13,4,235,8,2,1,10
3050.69,1624985187257,50.013554340,1,0,0,5,10,4,5,92,2,0,0,0,2,71,6120036,0,54,0,116,13081,2160231,26324,0,1,192571,139356,60234,61038,24001,14177,24086,13953,58,1077,1077,33,43198,20853,21616585,2213,79,418,264,4213082,4212976,102,117,78,92,168,6119837,3993781,93,129,3150,339,1400,0,90,0,903,7581219,2981,0,476,8,1,4,278,16,4,282,8,2,1,10
3100.7,1624985244132,50.010634823,1,0,0,5,10,4,5,82,2,0,0,0,2,66,6139126,0,54,0,116,9878,2135351,25342,0,1,193148,139885,62006,62868,24259,14338,24311,14048,58,1128,1129,64,44067,21049,21559371,2253,78,420,267,4256386,4256286,102,118,77,90,170,6138913,4033983,95,128,3194,345,1428,11,90,2,953,7616771,3063,0,473,8,1,4,270,16,4,274,8,2,1,10
3150.71,1624985301201,50.012628168,1,0,0,5,10,4,5,100,2,0,0,0,15,64,6331236,0,46,0,118,21324,2357053,26729,0,1,192949,139749,61332,62172,24056,14396,24122,14016,59,1080,1080,37,43700,20862,22812450,2211,78,420,265,4229848,4229752,104,119,76,90,168,6331053,4008819,94,127,3153,332,1404,0,89,0,911,7874749,3088,0,471,8,1,4,273,16,4,277,8,2,1,10
3200.72,1624985358046,50.010992366,1,0,0,5,10,4,5,80,2,0,0,0,14,87,5963641,0,43,0,116,14190,1983853,24854,0,1,192030,138685,60348,61571,24445,14374,24158,13607,58,1087,1087,37,41950,21197,20583174,2225,84,424,260,4232769,4232663,102,119,83,99,176,5963599,4012984,94,135,3153,328,1388,0,98,0,920,7235857,3044,0,491,8,1,4,270,16,4,274,8,2,1,10
3250.73,1624985415270,50.011813930,1,0,0,5,10,4,5,66,2,0,0,0,2,46,6123421,0,36,0,116,4868,2131532,24737,0,1,189232,136809,55736,56243,20505,11618,20516,11339,58,1075,1075,33,37192,17568,21436058,2209,72,418,260,4237782,4237690,102,118,71,84,160,6123222,4025632,93,123,2974,323,1163,0,83,0,906,7613633,2951,0,452,8,1,4,237,13,4,241,8,2,1,10
3300.74,1624985472817,50.009208179,1,0,0,5,10,4,5,67,2,0,0,0,24,57,6224621,0,37,0,118,8661,2254836,26295,0,1,189538,137032,55662,56487,20515,11463,20593,11402,59,1072,1072,33,37174,17586,22144953,2203,73,419,259,4215171,4215083,104,120,71,84,160,6224485,4002883,93,123,2983,320,1180,0,84,0,912,7806229,3056,0,463,7,1,4,244,13,4,248,7,2,1,9
3350.76,1624985529553,50.019268493,1,0,0,5,10,4,5,86,2,0,0,0,14,65,6206158,0,37,0,116,8545,2203415,25170,0,1,191961,138931,59789,60617,23878,14488,23913,14142,58,1076,1076,33,42982,20729,21938983,2211,75,418,264,4253583,4253491,102,118,75,86,164,6205983,4034916,93,125,3145,329,1400,0,86,0,908,7725661,3027,0,468,8,1,4,270,16,4,274,8,2,1,10
3400.77,1624985586593,50.010568485,1,0,0,5,10,4,5,91,2,0,0,0,38,73,6249341,0,44,0,116,15791,2264224,26086,0,1,191877,139031,61835,62689,24242,13518,24326,13386,58,1117,1118,64,44057,21050,22280087,2231,78,418,266,4240063,4239968,102,118,77,91,170,6249239,4019432,95,128,3169,333,1427,11,90,2,943,7780624,3116,0,488,8,1,4,277,16,4,281,8,2,1,10
3450.78,1624985643170,50.011275411,1,0,0,5,10,4,5,103,2,0,0,0,34,61,6322325,0,30,0,116,9366,2343664,27375,0,1,191323,138621,61699,62571,24202,14055,24234,13512,58,1074,1075,37,43953,20971,22767572,2199,82,420,265,4230285,4230186,102,118,80,94,172,6322094,4010264,94,131,3135,332,1408,0,94,0,915,7952916,3125,0,486,8,1,4,266,16,4,270,8,2,1,10
3500.79,1624985700091,50.009226919,1,0,0,5,10,4,5,77,2,0,0,0,18,73,6183292,0,37,0,116,20964,2249421,24497,0,1,191243,138313,59434,60656,21270,11786,24192,14079,58,1088,1088,37,39082,18092,22069333,2227,79,421,285,4185284,4185182,102,118,78,95,174,6182977,3968015,97,132,3006,326,1186,0,93,0,925,7697423,3030,0,472,8,1,4,283,16,4,287,8,2,1,10
3550.8,1624985757191,50.013434933,1,0,0,5,10,4,5,78,2,0,0,0,10,72,6203744,0,43,0,116,17685,2198830,24930,0,1,190579,137792,55740,56538,20581,11556,20644,11275,58,1086,1086,33,37195,17597,21875432,2233,73,421,260,4251394,4251293,102,119,71,84,160,6203474,4038169,93,123,3006,323,1169,0,83,0,912,7734681,3076,0,455,8,1,4,234,13,4,238,8,2,1,10
3600.81,1624985813987,50.009049937,1,0,0,5,10,4,5,72,2,0,0,0,38,63,6203053,0,36,0,118,13466,2189948,24804,0,1,189499,137063,55598,56483,20565,11460,20626,11244,59,1075,1075,33,37161,17571,21862033,2208,73,419,259,4258349,4258255,104,119,71,83,160,6202856,4046397,93,123,2970,320,1165,0,83,0,901,7679737,3078,0,472,8,1,4,246,13,4,250,8,2,1,10
3650.82,1624985870828,50.010482938,1,0,0,5,10,4,5,80,2,0,0,0,18,103,6111946,0,43,0,116,21847,2085511,25180,0,1,192959,139687,60416,60831,24135,14082,24111,13796,58,1123,1124,60,43299,20972,21343343,2251,75,421,266,4273087,4272989,102,118,75,85,166,6111780,4053351,94,126,3190,333,1425,11,87,2,937,7689965,3036,0,445,7,1,4,258,16,4,262,7,2,1,9
3700.83,1624985927562,50.010551865,1,0,0,5,10,4,5,108,2,0,0,0,20,62,6306478,0,37,0,116,8912,2300162,26288,0,1,192974,139779,61777,62530,24161,13865,24230,13638,58,1082,1082,37,43897,20966,22515448,2215,82,424,264,4261383,4261280,102,117,80,93,172,6306332,4039957,94,131,3151,331,1408,0,93,0,916,7797758,3128,0,486,8,1,4,279,16,4,283,8,2,1,10
3750.84,1624985984770,50.011952290,1,0,0,5,10,4,5,86,2,0,0,0,0,59,6208205,0,39,0,116,9993,2190645,25961,0,1,193045,139780,61266,62007,24040,13831,24111,13859,58,1086,1087,37,43683,20866,21901316,2223,78,419,265,4271594,4271488,102,118,76,91,168,6207938,4050473,94,127,3160,332,1405,0,91,0,916,7702603,3060,0,456,8,1,4,271,16,4,275,8,2,1,10
3800.85,1624986041546,50.009693659,1,0,0,5,10,4,5,73,2,0,0,0,0,76,5933852,0,35,0,116,9536,1970751,25755,0,1,191913,138578,60222,61476,23238,13486,24108,13890,58,1090,1090,37,42627,20004,20477756,2231,81,420,260,4214858,4214756,102,118,79,94,172,5933727,3994722,94,131,3144,324,1387,0,92,0,917,7310322,2974,0,463,8,1,4,274,16,4,278,8,2,1,10
3850.86,1624986098394,50.010546180,1,0,0,5,10,4,5,66,2,0,0,0,0,89,6109164,0,37,0,116,14698,2073152,24681,0,1,189321,136968,57109,57917,20753,11401,20788,11213,58,1085,1085,37,37861,17715,21232793,2221,75,417,260,4276050,4275947,102,118,73,87,164,6109011,4062234,94,125,2985,323,1166,0,86,0,914,7695620,2888,0,444,8,1,4,239,13,4,243,8,2,1,10
3900.87,1624986155088,50.012271018,1,0,0,5,10,4,5,69,2,0,0,0,1,62,6142268,0,48,0,118,14049,2126500,25008,0,1,189527,137023,56370,57283,20732,10930,20819,10772,59,1121,1122,60,37534,17760,21477724,2246,74,419,262,4261581,4261486,104,120,72,85,162,6141988,4048470,94,124,3023,327,1188,11,84,2,945,7686149,3025,0,436,8,1,4,249,13,4,253,8,2,1,10
3950.88,1624986212341,50.009133864,1,0,0,5,10,4,5,122,2,0,0,0,14,86,6188686,0,48,0,116,12471,2175369,25928,0,1,191610,139015,60537,60935,23354,13117,21481,11086,58,1081,1081,33,40612,20130,21795206,2221,89,423,265,4264964,4264858,102,118,88,100,176,6188490,4046894,93,139,3014,331,1190,0,101,0,911,7587636,3166,0,448,8,1,4,256,14,4,260,8,2,1,10
4000.89,1624986268967,50.011250672,1,0,0,5,10,4,5,88,2,0,0,0,18,63,6200109,0,36,0,116,6815,2188430,25850,0,1,192796,139513,59738,60322,23884,13639,23916,13575,58,1075,1075,33,42935,20810,21896093,2209,74,420,264,4261025,4260929,102,118,74,87,164,6199946,4041694,93,125,3141,329,1397,0,87,0,907,7709773,3029,0,461,8,1,4,270,16,4,274,8,2,1,10
4050.9,1624986325237,50.009294205,1,0,0,5,10,4,5,93,2,0,0,0,22,70,6156414,0,35,0,116,8391,2153977,24976,0,1,192799,139632,61102,61970,23999,13263,24061,13040,58,1077,1077,37,43727,20868,21677068,2205,78,418,264,4248673,4248572,102,118,76,89,168,6156245,4027547,94,127,3136,329,1401,0,89,0,915,7667851,3113,0,453,8,1,4,271,16,4,275,8,2,1,10
4100.91,1624986382373,50.010542946,1,0,0,5,10,4,5,103,2,0,0,0,20,67,6186985,0,38,0,116,25635,2208005,25271,0,1,192756,139621,61642,62442,24158,13709,24216,13229,58,1080,1080,37,43943,20946,21951465,2211,82,419,265,4232152,4232048,102,118,80,93,172,6186810,4010887,94,131,3146,332,1405,0,93,0,914,7619650,3063,0,474,8,1,4,251,16,4,255,8,2,1,10
4150.92,1624986439221,50.008807847,1,0,0,5,10,4,5,86,2,0,0,0,10,61,6301618,0,36,0,116,4953,2299435,25118,0,1,190782,138016,57089,57726,20791,11276,20795,11276,58,1088,1088,37,37919,17739,22475838,2227,74,421,260,4249643,4249540,102,118,73,86,164,6301156,4034689,94,125,2994,323,1180,0,86,0,922,7897331,2965,0,442,8,1,4,250,13,4,254,8,2,1,10
4200.93,1624986494627,50.008939258,1,0,0,5,10,4,5,68,2,0,0,0,26,47,6288056,0,57,0,116,5477,2266186,26514,0,1,189233,136861,56922,57842,20793,11120,20909,10740,58,1113,1114,60,37543,17830,22321211,2231,74,419,261,4266224,4266129,102,118,72,85,162,6287927,4052746,94,124,3016,324,1193,11,86,2,938,7778046,3242,0,458,8,1,4,250,13,4,254,8,2,1,10
4250.94,1624986551640,50.010173169,1,0,0,5,10,4,5,75,2,0,0,0,2,59,6104037,0,37,0,116,18489,2082286,24644,0,1,190502,137699,55988,56500,20703,11528,20688,11087,58,1078,1078,33,37336,17677,21250037,2215,75,424,258,4265802,4265691,102,118,75,88,164,6103569,4052710,93,127,2979,316,1160,0,87,0,911,7620320,2889,0,436,8,1,4,246,13,4,250,8,2,1,10
4300.95,1624986608414,50.010736239,1,0,0,5,10,4,5,64,2,0,0,0,0,58,6038259,0,44,0,116,13811,2054147,24319,0,1,189665,137098,55557,56422,20526,11116,20579,11087,58,1078,1078,33,37205,17590,20994337,2215,73,418,258,4227513,4227422,102,117,71,84,160,6038088,4015277,93,123,2981,317,1158,0,84,0,906,7494681,2948,0,449,8,1,4,243,13,4,247,8,2,1,10
4350.96,1624986665503,50.011552065,1,0,0,5,10,4,5,80,2,0,0,0,12,67,6277830,0,36,0,116,5190,2292157,26873,0,1,193340,140032,61158,61935,24081,13577,24145,13544,58,1083,1083,37,43719,20897,22468023,2217,76,420,264,4236712,4236611,102,117,76,89,168,6277541,4015512,94,127,3149,329,1408,0,89,0,918,7882937,3044,0,463,8,1,4,262,16,4,266,8,2,1,10
4400.97,1624986722489,50.010549459,1,0,0,5,10,4,5,82,2,0,0,0,6,69,6105759,0,34,0,116,16719,2106586,25196,0,1,191169,138459,61184,62100,24029,14270,24102,13859,58,1076,1076,37,43721,20867,21354278,2202,78,414,265,4250145,4250051,102,118,76,90,168,6105642,4030616,94,127,3133,332,1404,0,89,0,908,7464995,3007,0,484,8,1,4,271,16,4,275,8,2,1,10
4450.98,1624986779079,50.009471411,1,0,0,5,10,4,5,87,2,0,0,0,4,92,6206029,0,43,0,118,21227,2209036,25917,0,1,191940,139026,62773,63573,24282,14276,24333,14111,59,1123,1124,64,44053,21053,22003061,2243,78,417,268,4250035,4249934,104,120,77,91,170,6205810,4028154,95,128,3184,340,1434,11,91,2,950,7697269,3183,0,480,8,1,4,262,16,4,266,8,2,1,10
4500.99,1624986836499,50.013317061,1,0,0,5,10,4,5,67,2,0,0,0,2,75,6115503,0,35,0,116,9862,2128671,24942,0,1,190680,137848,56215,57010,20664,11057,20728,10740,58,1083,1083,33,37371,17650,21438152,2225,77,424,260,4230256,4230150,102,118,75,87,164,6115266,4016579,93,127,2995,323,1168,0,88,0,919,7559567,2959,0,457,8,1,4,236,13,4,240,8,2,1,10
4551,1624986892828,50.013630234,1,0,0,5,10,4,5,67,2,0,0,0,4,80,6107398,0,37,0,116,13726,2078958,23969,0,1,189589,137050,55595,56425,20554,11336,20647,11087,58,1077,1077,33,37160,17611,21241797,2213,73,418,259,4268731,4268639,102,118,72,84,160,6107231,4056362,93,123,2977,320,1160,0,83,0,907,7565737,2888,0,447,8,1,4,232,13,4,236,8,2,1,10
4601.01,1624986949644,50.008712750,1,0,0,5,10,4,5,71,2,0,0,0,4,60,6043063,0,37,0,118,7514,2042396,24263,0,1,190142,137445,55629,56248,22579,13543,26696,17135,59,1078,1078,33,37285,19604,20962136,2215,72,420,259,4245195,4245087,104,120,71,84,160,6042630,4032027,93,123,2977,316,1158,0,85,0,908,7471211,2892,0,454,8,1,4,256,13,4,260,8,2,1,10
4651.02,1624987006249,50.009446694,1,0,0,5,10,4,5,90,2,0,0,0,4,58,6053568,0,43,0,116,10655,2033884,25003,0,1,193150,139901,62928,63898,24433,13618,24489,13481,58,1084,1084,37,44459,21155,20984695,2219,86,419,264,4272496,4272392,102,118,84,98,179,6053336,4049960,96,136,3160,331,1406,0,98,0,910,7436768,3085,0,481,8,1,4,262,16,4,266,8,2,1,10
4701.03,1624987063215,50.010695983,1,0,0,5,10,4,5,84,2,0,0,0,13,102,6391986,0,44,0,116,14513,2390279,26472,0,1,191590,138803,62928,63860,24468,13744,24548,13481,58,1119,1120,64,44267,21200,23068540,2235,83,416,267,4257111,4257013,102,118,81,95,174,6391862,4035448,95,132,3173,337,1429,11,94,2,953,7923120,3135,0,476,8,1,4,263,16,4,267,8,2,1,10
4751.04,1624987120154,50.011852571,1,0,0,5,10,4,5,95,2,0,0,0,22,75,6320717,0,31,0,118,15175,2339455,26657,0,1,193014,139840,62333,62857,24375,13838,24349,13670,59,1083,1083,37,44123,21105,22737891,2217,85,423,266,4237257,4237160,104,120,84,99,176,6320650,4015592,94,135,3153,336,1414,0,98,0,922,7899833,3058,0,495,8,1,4,265,16,4,269,8,2,1,10
4801.05,1624987177351,50.010978377,1,0,0,5,10,4,5,88,2,0,0,0,34,75,6320408,0,38,0,116,20823,2331179,25240,0,1,189834,137312,55742,56523,20612,11117,20655,10646,58,1074,1074,33,37159,17641,22636475,2207,73,421,260,4234272,4234181,102,118,71,83,160,6320244,4021917,93,123,2972,323,1169,0,84,0,919,7889190,3041,0,458,8,1,4,249,13,4,253,8,2,1,10
4851.06,1624987234143,50.009271494,1,0,0,5,10,4,5,85,2,0,0,0,18,74,6109906,0,39,0,116,14927,2089517,23726,0,1,189649,137128,55656,56468,20536,10989,20590,10835,58,1075,1075,33,37130,17598,21287661,2208,73,419,259,4261631,4261540,102,118,71,84,160,6109769,4049264,93,123,2975,320,1162,0,84,0,906,7585208,2995,0,457,8,1,4,240,13,4,244,8,2,1,10
4901.07,1624987291122,50.010532449,1,0,0,5,10,4,5,70,2,0,0,0,28,97,6229350,0,39,0,116,15153,2220276,24036,0,1,189995,137398,55996,56896,20668,11340,20739,11213,58,1075,1075,33,37348,17704,22032339,2209,77,420,258,4253070,4252979,102,119,75,88,164,6229304,4040722,93,127,2971,316,1159,0,87,0,909,7831706,2995,0,456,8,1,4,244,13,4,248,8,2,1,10
4951.08,1624987347574,50.009217604,1,0,0,5,10,4,5,91,2,0,0,0,12,57,6225164,0,37,0,116,10103,2187866,24692,0,1,192571,139487,61314,62189,24052,14143,24121,13858,58,1078,1078,37,43672,20880,21927176,2206,77,419,264,4290830,4290729,102,117,76,89,168,6224940,4069971,94,127,3138,330,1401,0,89,0,913,7719229,3103,0,454,8,1,4,270,16,4,274,8,2,1,10
5001.09,1624987404422,50.009316460,1,0,0,5,10,4,5,89,2,0,0,0,14,92,6124042,0,42,0,116,21641,2103732,23888,0,1,193001,139807,61964,62870,24245,13896,24311,13512,58,1128,1129,64,44017,21029,21429616,2253,79,420,267,4273270,4273170,102,118,77,92,170,6123851,4051001,95,128,3191,336,1434,11,91,2,947,7634759,3052,0,453,8,1,4,268,16,4,272,8,2,1,10
5051.1,1624987461470,50.010668353,1,0,0,5,10,4,5,100,2,0,0,0,29,71,6301468,0,33,0,116,13890,2309054,26302,0,1,193279,140042,62280,63089,24402,13995,24467,13953,58,1085,1085,37,44114,21094,22571676,2221,85,421,266,4245392,4245292,102,118,84,98,176,6301376,4023351,94,135,3163,336,1421,0,97,0,920,7849468,3100,0,493,8,1,4,274,16,4,278,8,2,1,10
5101.11,1624987518167,50.010893713,1,0,0,5,10,4,5,77,2,0,0,0,12,89,6329363,0,29,0,116,17972,2307856,25549,0,1,190457,137445,58330,59505,22709,13132,23768,13417,58,1077,1077,33,41452,19652,22601325,2212,75,418,261,4270328,4270238,102,117,73,86,164,6329255,4053538,93,125,3120,331,1387,0,86,0,909,7957945,3051,0,461,8,1,4,259,16,4,263,8,2,1,10
5151.12,1624987575284,50.009143048,1,0,0,5,10,4,5,67,2,0,0,0,4,66,6199709,0,25,0,116,4850,2185335,24512,0,1,189473,136984,55691,56596,20567,11492,20650,10992,58,1078,1078,33,37166,17598,21824792,2215,73,418,260,4259460,4259368,102,119,71,84,160,6199565,4046906,93,123,2969,323,1167,0,84,0,909,7776324,2982,0,454,8,1,4,247,13,4,251,8,2,1,10
5201.13,1624987632094,50.011439581,1,0,0,5,10,4,5,78,2,0,0,0,24,45,6457371,0,26,0,116,9559,2431806,25673,0,1,189510,137029,55456,56108,20536,11302,20535,11150,58,1075,1075,33,37112,17584,23330274,2209,72,419,258,4269370,4269256,102,118,71,83,160,6456816,4057576,93,123,2959,316,1158,0,83,0,905,8226924,2983,0,437,8,1,4,238,13,4,242,8,2,1,10
5251.14,1624987689274,50.010381707,1,0,0,5,10,4,5,80,2,0,0,0,20,65,6133296,0,32,0,116,9478,2067214,24841,0,1,192036,138949,58381,59126,23641,13665,23700,13638,58,1118,1119,60,42473,20681,21278103,2241,72,419,266,4313037,4312947,102,118,71,82,157,6133147,4095333,90,121,3167,332,1429,11,82,2,941,7599605,3038,0,441,8,1,4,270,16,4,274,8,2,1,10
5301.15,1624987745833,50.008990360,1,0,0,5,10,4,5,91,2,0,0,0,12,59,6237686,0,26,0,116,11773,2188074,24540,0,1,191653,138828,61576,62268,24183,13770,24239,13355,58,1075,1075,37,43850,20968,21962513,2201,81,420,264,4301216,4301113,102,118,80,93,172,6237353,4080831,94,131,3127,329,1409,0,94,0,910,7719120,2932,0,459,7,1,4,263,16,4,267,7,2,1,9
5351.16,1624987802391,50.010649743,1,0,0,5,10,4,5,85,2,0,0,0,22,87,6158343,0,26,0,116,26607,2167141,24609,0,1,190910,138305,61284,62166,24034,14145,24096,13702,58,1073,1073,37,43688,20870,21704659,2197,77,414,266,4245047,4244945,102,118,76,90,168,6158173,4025494,94,127,3122,336,1411,0,89,0,913,7648692,3014,0,467,8,1,4,267,16,4,271,8,2,1,10
5401.17,1624987859279,50.010697375,1,0,0,5,10,4,5,92,2,0,0,0,22,73,6257460,0,28,0,116,7139,2189319,27237,0,1,193417,140108,61783,62700,24233,13991,24309,13890,58,1088,1088,37,43837,21006,22002104,2227,82,419,266,4323456,4323356,102,117,80,95,172,6257333,4101472,94,131,3153,336,1408,0,94,0,916,7792775,3126,0,473,8,1,4,272,16,4,276,8,2,1,10
5451.18,1624987915632,50.012606112,1,0,0,5,10,4,5,67,2,0,0,0,58,53,6126148,0,25,0,116,10547,2077304,24867,0,1,191042,138121,56304,57637,20644,11368,23266,13418,58,1081,1082,33,37474,17662,21252623,2221,73,423,260,4297980,4297887,102,118,72,85,163,6125915,4083789,93,124,2993,326,1183,0,85,0,913,7549138,3062,0,472,4,1,4,255,16,4,259,2,2,1,4
5501.19,1624987972571,50.009230951,1,0,0,5,10,4,5,70,2,0,0,0,74,66,6299721,0,32,0,116,23180,2276873,25538,0,1,190890,138108,56211,57062,20788,11935,20845,11591,58,1122,1123,60,37541,17810,22412223,2249,74,424,260,4271119,4271030,102,119,72,84,162,6299569,4057557,94,124,3003,320,1181,11,84,2,941,7845624,3120,0,460,6,1,4,249,13,4,253,2,2,1,5
5551.2,1624988029712,50.010667790,1,0,0,5,10,4,5,74,2,0,0,0,10,65,6199970,0,27,0,116,18920,2160433,24767,0,1,189745,137350,57238,57615,21386,11655,20811,11150,58,1073,1073,33,38435,18354,21758264,2205,78,421,263,4285033,4284936,102,118,76,88,164,6199827,4071617,93,127,2982,324,1189,0,89,0,902,7766566,3023,0,451,8,1,4,244,14,4,248,8,2,1,10
5601.21,1624988085935,50.012316629,1,0,0,5,10,4,5,97,2,0,0,0,10,80,6185874,0,29,0,116,18309,2194993,25560,0,1,192847,139698,61587,62369,24179,13929,24237,13828,58,1082,1082,37,43905,20969,21906629,2215,82,418,264,4243317,4243213,102,118,80,93,172,6185525,4022069,94,131,3136,330,1410,0,93,0,917,7724869,2940,0,476,8,1,4,274,16,4,278,8,2,1,10
5651.22,1624988142853,50.010551967,1,0,0,5,10,4,5,92,2,0,0,0,30,106,6295928,0,27,0,116,15337,2256669,25605,0,1,191946,139078,61352,62279,24125,13642,24210,13575,58,1082,1082,37,43695,20929,22313840,2215,78,418,266,4290251,4290147,102,118,76,91,168,6295775,4069749,94,127,3142,337,1414,0,91,0,920,7812698,3050,0,472,8,1,4,276,16,4,280,8,2,1,10
5701.23,1624988200602,50.010103432,1,0,0,5,10,4,5,80,2,0,0,0,12,62,6372615,0,27,0,116,14452,2342291,25441,0,1,191796,138944,61371,61770,24047,14271,23981,13921,58,1082,1082,37,43640,20871,22797660,2215,76,416,266,4284852,4284751,102,117,76,84,168,6372319,4063923,94,127,3141,336,1407,0,90,0,913,7900490,3016,0,470,8,1,4,272,16,4,276,8,2,1,10
5751.24,1624988257061,50.012571280,1,0,0,5,10,4,5,68,2,0,0,0,18,65,6194993,0,40,0,116,16360,2204217,24320,0,1,188142,136055,55724,56537,20532,11366,20578,10898,58,1069,1069,33,37153,17576,21870059,2197,73,415,260,4236078,4235979,102,118,71,83,160,6194738,4024447,93,123,2965,323,1160,0,83,0,902,7732719,2937,0,446,8,1,4,247,13,4,251,8,2,1,10
5801.25,1624988313846,50.010398242,1,0,0,5,10,4,5,95,2,0,0,0,36,64,6147491,0,31,0,116,4148,2136966,23669,0,1,190506,137730,55192,55983,20615,11500,20820,11339,58,1101,1102,48,37071,17632,21523967,2231,80,426,258,4255777,4255672,102,117,80,92,166,6147411,4042715,90,131,2991,317,1173,7,91,2,925,7584180,3045,0,451,4,1,4,234,13,4,238,2,2,1,4
5851.26,1624988370630,50.010529965,1,0,0,5,10,4,5,66,2,0,0,0,14,91,6171103,0,45,0,116,15873,2136065,24951,0,1,190076,137423,55556,56311,20536,10768,20631,10551,58,1078,1078,33,37161,17592,21545408,2215,73,420,258,4278987,4278892,102,118,71,83,160,6171001,4066358,93,123,2982,319,1159,0,83,0,907,7577089,3009,0,443,6,1,4,249,13,4,253,2,2,1,6
5901.27,1624988427432,50.008992364,1,0,0,5,10,4,5,88,2,0,0,0,4,67,6181779,0,41,0,118,14644,2164364,24965,0,1,192437,139645,60209,60478,23464,13672,21224,11591,59,1084,1084,37,41734,20354,21757585,2219,77,419,264,4269327,4269221,104,120,75,87,165,6181548,4050087,94,126,3002,324,1183,0,88,0,911,7643071,3009,0,434,6,1,4,240,14,4,244,2,2,1,6
5951.28,1624988484065,50.012814568,1,0,0,5,10,4,5,83,2,0,0,0,40,76,6334513,0,29,0,116,13094,2318286,26272,0,1,192783,139681,61310,62204,24025,13766,24093,13607,58,1082,1082,37,43678,20876,22669157,2214,78,420,266,4267886,4267792,102,118,77,91,168,6334335,4047023,94,127,3142,336,1412,0,90,0,921,7931712,3125,0,479,6,1,4,268,16,4,272,2,2,1,5
6001.29,1624988540946,50.011541133,1,0,0,5,10,4,5,93,2,0,0,0,48,73,6172912,0,36,0,116,11509,2128992,24708,0,1,193125,139956,61403,62265,24029,14241,24110,13796,58,1083,1083,37,43666,20862,21597247,2217,77,420,266,4296348,4296250,102,118,76,89,168,6172614,4075239,94,127,3150,336,1413,0,91,0,921,7593888,3204,0,490,8,1,4,270,16,4,274,8,2,1,10
6051.3,1624988598124,50.009325511,1,0,0,5,10,4,5,77,2,0,0,0,56,87,6368090,0,45,0,116,24160,2351772,25891,0,1,191594,138358,59041,60224,22866,13420,23971,13985,58,1124,1125,60,41773,19753,22870944,2252,76,422,263,4265461,4265361,102,118,74,87,166,6368042,4047314,94,126,3174,335,1414,11,86,2,954,8030751,3152,0,499,8,1,4,265,16,4,269,8,2,1,10
6101.31,1624988654971,50.009111711,1,0,0,5,10,4,5,70,2,0,0,0,14,67,6016385,0,26,0,116,21127,1964207,23545,0,1,190556,137771,55988,56828,20680,12095,20760,11685,58,1079,1079,33,37357,17700,20599922,2217,77,424,258,4297524,4297426,102,117,75,89,164,6016133,4083993,93,127,2975,316,1167,0,87,0,907,7438589,2927,0,446,4,1,4,242,13,4,246,2,2,1,4
6151.32,1624988711947,50.010597680,1,0,0,5,10,4,5,78,2,0,0,0,22,43,6248069,0,26,0,116,12805,2225364,25141,0,1,189912,137303,56337,57143,20539,10892,20609,10898,58,1076,1076,33,37162,17613,22082433,2211,73,419,258,4270380,4270286,102,117,71,83,160,6247927,4056743,93,123,2964,316,1166,0,83,0,913,7698868,3133,0,444,6,1,4,240,13,4,244,2,2,1,6
6201.33,1624988768502,50.010515493,1,0,0,5,10,4,5,70,2,0,0,0,28,77,6271694,0,27,0,116,19327,2272139,24951,0,1,190102,137704,58072,58523,21257,11306,20869,10929,58,1078,1078,37,38802,18240,22332243,2207,75,417,263,4248390,4248296,102,118,74,87,164,6271548,4033164,94,125,2977,325,1189,0,87,0,910,7861889,2982,0,445,6,1,4,246,14,4,250,2,2,1,6
6251.34,1624988825508,50.009271195,1,0,0,5,10,4,5,83,2,0,0,0,36,63,6098357,0,26,0,116,9280,2018453,24731,0,1,193756,140358,61332,62227,24104,13705,24180,13512,58,1088,1088,37,43711,20894,21018845,2227,78,421,266,4332938,4332843,102,118,76,91,168,6098201,4111140,94,127,3156,336,1420,0,91,0,919,7412961,3115,0,483,6,1,4,256,16,4,260,2,2,1,6
6301.35,1624988882592,50.012355255,1,0,0,5,10,4,5,80,2,0,0,0,42,81,6133003,0,32,0,116,13735,2076370,24505,0,1,193434,140178,62042,62756,24263,13739,24307,13450,58,1132,1133,64,44116,21045,21317730,2261,78,421,268,4312041,4311942,102,118,77,90,170,6132753,4089614,95,128,3192,340,1439,11,91,2,950,7588166,3136,0,477,6,1,4,273,16,4,277,2,2,1,6
6351.36,1624988939756,50.010983833,1,0,0,5,10,4,5,86,2,0,0,0,20,86,6265455,0,28,0,116,13299,2239035,24679,0,1,192252,138846,60407,61588,22680,13206,24175,13922,58,1089,1089,37,42109,19471,22223698,2229,84,425,260,4278855,4278747,102,118,83,97,176,6265413,4058629,94,135,3146,328,1397,0,96,0,922,7802298,2998,0,472,6,1,4,265,16,4,269,2,2,1,6
6401.37,1624988996825,50.010515415,1,0,0,5,10,4,5,64,2,0,0,0,18,89,6158992,0,26,0,116,11850,2069437,23887,0,1,189480,137001,55907,56663,20516,11239,20584,11024,58,1073,1073,33,37169,17583,21311938,2205,71,418,259,4330838,4330741,102,118,71,83,160,6158866,4117886,93,123,2957,319,1159,0,83,0,907,7738935,3059,0,438,6,1,4,237,13,4,241,2,2,1,6
6451.38,1624989053874,50.010293571,1,0,0,5,10,4,5,68,2,0,0,0,14,61,6256939,0,29,0,116,13586,2158614,24990,0,1,190676,137853,55511,56089,20536,11995,20514,11528,58,1080,1080,33,37114,17540,21849110,2219,72,421,258,4342919,4342833,102,118,71,83,160,6256803,4129792,93,123,2971,316,1157,0,83,0,905,7785864,2908,0,446,6,1,4,235,13,4,239,2,2,1,6
6501.39,1624989110798,50.012185230,1,0,0,5,10,4,5,83,2,0,0,0,0,69,6134427,0,27,0,116,9103,2071973,25269,0,1,193382,139911,59715,60603,23859,14520,23915,14080,58,1081,1081,33,42950,20759,21290241,2221,76,421,264,4316490,4316388,102,118,74,89,164,6134154,4096625,93,125,3144,329,1399,0,87,0,910,7554149,2933,0,455,6,1,4,273,16,4,277,2,2,1,6
6551.4,1624989167389,50.010623688,1,0,0,5,10,4,5,91,2,0,0,0,20,60,6286753,0,28,0,116,4077,2255460,25758,0,1,193277,139967,61126,61939,24022,13358,24083,12978,58,1083,1083,37,43697,20882,22298197,2217,78,420,264,4285958,4285861,102,118,76,89,168,6286682,4064703,94,127,3142,329,1406,0,90,0,914,7755323,3025,0,459,6,1,4,261,16,4,265,2,2,1,6
6601.41,1624989223904,50.010169629,1,0,0,5,10,4,5,91,2,0,0,0,0,68,6201278,0,28,0,116,13118,2202522,27620,0,1,191966,139052,62268,62934,24369,14090,24358,13576,58,1080,1080,37,44140,21064,21957772,2211,85,420,266,4252302,4252189,102,118,84,98,176,6200890,4031499,94,135,3143,336,1415,0,98,0,919,7736238,2999,0,452,8,1,4,287,16,4,291,8,2,1,10
6651.42,1624989280814,50.010479264,1,0,0,5,10,4,5,82,2,0,0,0,14,63,6224230,0,26,0,116,11411,2177637,25137,0,1,193483,140127,61326,62220,24024,14018,24112,13890,58,1087,1087,37,43657,20872,21899434,2225,78,420,266,4300431,4300326,102,118,76,90,168,6224054,4078462,94,127,3151,337,1407,0,89,0,918,7687568,2992,0,457,8,1,4,264,16,4,268,8,2,1,10
6701.43,1624989337723,50.008900554,1,0,0,5,10,4,5,73,2,0,0,0,56,55,6495295,0,30,0,116,13066,2470323,26190,0,1,189543,137134,56165,56738,20650,11086,20654,10835,58,1079,1079,33,37366,17670,23556665,2216,76,420,260,4271500,4271405,102,118,75,87,164,6495138,4059116,93,127,2972,323,1164,0,87,0,906,8255194,3018,0,458,8,1,4,242,13,4,246,8,2,1,10
6751.44,1624989394406,50.013188260,1,0,0,5,10,4,5,80,2,0,0,0,18,85,6255572,0,29,0,116,19117,2286884,25083,0,1,189581,137075,55896,56655,20644,11149,20721,10867,58,1074,1074,33,37349,17671,22368923,2207,76,418,258,4212550,4212452,102,118,75,87,164,6255361,3999926,93,127,2959,316,1156,0,87,0,907,7811149,2973,0,445,8,1,4,240,13,4,244,8,2,1,10
6801.45,1624989451420,50.013119635,1,0,0,5,10,4,5,64,2,0,0,0,45,89,6313805,0,37,0,116,14748,2275582,24125,0,1,190524,137778,55534,56325,20534,11117,20599,10677,58,1079,1079,33,37238,17580,22408904,2217,72,422,258,4284624,4284523,102,118,71,85,160,6313572,4072059,93,123,2978,316,1157,0,85,0,913,7852100,3075,0,436,8,1,4,243,13,4,247,8,2,1,10
6851.46,1624989508253,50.009045985,1,0,0,5,10,4,5,87,2,0,0,0,8,80,6116279,0,38,0,116,17720,2092095,25731,0,1,193121,139882,61942,62792,24220,13864,24297,13669,58,1126,1127,64,44118,21043,21348623,2249,78,420,266,4276530,4276429,102,118,77,92,170,6116102,4054734,95,128,3181,334,1435,11,91,2,950,7462513,3098,0,482,8,1,4,277,16,4,281,8,2,1,10
6901.47,1624989564946,50.010594828,1,0,0,5,10,4,5,84,2,0,0,0,16,61,6477251,0,38,0,116,7003,2497336,27476,0,1,193136,139895,61816,62741,24194,13928,24281,13764,58,1084,1084,37,43922,20966,23657894,2219,82,420,266,4233293,4233189,102,118,80,96,172,6477117,4011585,94,131,3155,336,1408,0,93,0,922,8164793,3136,0,483,8,1,4,276,16,4,280,8,2,1,10
6951.48,1624989621644,50.009122386,1,0,0,5,10,4,5,80,2,0,0,0,16,66,6222952,0,43,0,116,26023,2230061,26025,0,1,192631,139529,61356,62139,24041,13766,24097,13638,58,1084,1084,37,43711,20874,22119107,2218,78,419,266,4246151,4246054,102,118,76,89,168,6222790,4025183,94,127,3162,336,1409,0,89,0,918,7670251,3116,0,489,8,1,4,262,16,4,266,8,2,1,10
7001.49,1624989678465,50.013748336,1,0,0,5,10,4,5,70,2,0,0,0,22,63,6267822,0,26,0,116,14033,2255709,25050,0,1,188932,136352,57984,59195,22240,12502,23706,13072,58,1069,1069,33,40977,19184,22227436,2197,75,415,260,4260096,4260000,102,118,73,86,164,6267727,4045309,93,125,3103,328,1381,0,85,0,911,7818408,2985,0,476,8,1,4,262,16,4,266,8,2,1,10
7051.5,1624989735726,50.008811176,1,0,0,5,10,4,5,64,2,0,0,0,64,59,6288978,0,26,0,116,16558,2251738,24968,0,1,190852,138045,55494,56176,20568,11178,20573,11055,58,1080,1080,33,37113,17568,22280074,2218,72,423,258,4281850,4281748,102,118,71,84,160,6288585,4069476,93,123,2970,316,1158,0,84,0,911,7930771,3193,0,502,8,1,4,241,13,4,245,8,2,1,10
7101.51,1624989792551,50.009109387,1,0,0,5,10,4,5,64,2,0,0,0,38,75,6258451,0,45,0,116,22571,2259223,25483,0,1,190112,137488,56653,57413,20780,11497,20816,11213,58,1116,1117,60,37538,17778,22266483,2237,74,421,260,4246269,4246178,102,118,72,85,162,6258313,4031963,94,124,3004,320,1181,11,85,2,944,7817729,3161,0,452,8,1,4,240,13,4,244,8,2,1,10
7151.52,1624989849185,50.011819935,1,0,0,5,10,4,5,93,2,0,0,0,22,77,6105971,0,26,0,116,21355,2068489,24567,0,1,190706,138452,59417,59752,22538,12792,21117,11244,58,1075,1075,37,40151,19418,21199939,2200,80,420,264,4286750,4286646,102,118,78,90,168,6105644,4070167,94,129,2976,324,1193,0,92,0,910,7502206,2964,0,456,8,1,4,255,13,4,259,8,2,1,10
7201.53,1624989906325,50.009259732,1,0,0,5,10,4,5,80,2,0,0,0,2,82,6020633,0,26,0,118,24606,2021491,25197,0,1,192647,139519,61273,62058,24039,13860,24102,13575,59,1084,1084,37,43671,20877,20902177,2219,78,418,265,4247906,4247807,104,119,76,89,168,6020414,4026595,94,127,3144,333,1407,0,89,0,917,7496261,3018,0,468,8,1,4,273,16,4,277,8,2,1,10
7251.54,1624989963839,50.010160185,1,0,0,5,10,4,5,85,2,0,0,0,6,85,6166728,0,28,0,116,19309,2158042,25616,0,1,193951,140482,61824,62495,24159,13707,24194,13292,58,1091,1091,37,43875,20968,21717050,2233,80,421,266,4263724,4263616,102,118,80,93,172,6166344,4040705,94,131,3159,336,1412,0,93,0,926,7592547,2994,0,483,7,1,4,259,16,4,263,7,2,1,9
7301.55,1624990021153,50.009079287,1,0,0,5,10,4,5,66,2,0,0,0,28,76,6083641,0,26,0,116,20695,2076584,24080,0,1,191425,138535,57215,58012,20731,11150,20802,10867,58,1092,1093,37,37903,17703,21173215,2235,74,422,260,4256549,4256450,102,117,73,86,164,6083465,4040639,94,125,2993,323,1167,0,86,0,926,7568065,2960,0,457,8,1,4,241,13,4,245,8,2,1,10
7351.56,1624990078053,50.010464023,1,0,0,5,10,4,5,74,2,0,0,0,12,60,6141188,0,32,0,116,7754,2098886,26155,0,1,189890,137310,57166,57833,20741,11244,20753,10835,58,1122,1123,60,37533,17759,21380513,2249,73,420,261,4290007,4289918,102,118,72,84,162,6140991,4075607,94,124,3006,323,1186,11,84,2,948,7512122,3129,0,446,8,1,4,243,13,4,247,8,2,1,10
7401.57,1624990135073,50.010593930,1,0,0,5,10,4,5,70,2,0,0,0,14,63,5994894,0,28,0,116,8449,1976702,24256,0,1,190708,137883,56067,56834,20670,10994,20744,10709,58,1080,1080,33,37368,17682,20609567,2219,77,424,258,4262018,4261920,102,117,75,88,164,5994765,4048620,93,127,2977,316,1159,0,89,0,913,7301515,2969,0,457,8,1,4,254,13,4,258,8,2,1,10
7451.58,1624990191944,50.010212200,1,0,0,5,10,4,5,83,2,0,0,0,40,95,6328572,0,30,0,116,18880,2316628,24837,0,1,191446,138617,60187,60844,23988,13956,24025,13576,58,1067,1067,33,43158,20850,22637704,2193,78,418,264,4260955,4260852,102,119,78,90,168,6328299,4042719,93,129,3120,329,1398,0,90,0,902,7927487,3089,0,482,8,1,4,262,16,4,266,8,2,1,10
7501.59,1624990249360,50.008633656,1,0,0,5,10,4,5,92,2,0,0,0,20,65,6192104,0,27,0,116,12130,2184407,25711,0,1,193360,140034,61172,61941,24050,13765,24094,13543,58,1080,1080,37,43672,20876,21867322,2211,76,420,264,4260472,4260361,102,118,76,89,168,6191635,4039210,94,127,3132,330,1400,0,89,0,913,7672365,3116,0,481,8,1,4,284,16,4,288,8,2,1,10
7551.6,1624990306415,50.013699623,1,0,0,5,10,4,5,68,2,0,0,0,9,85,6198466,0,29,0,116,9468,2204294,26065,0,1,191818,138511,60034,61265,22812,12731,24094,13576,58,1085,1085,37,42149,19627,21945790,2221,82,420,259,4244928,4244827,102,118,79,95,172,6198439,4025473,94,131,3129,325,1384,0,93,0,924,7709813,3058,0,471,8,1,4,262,16,4,266,8,2,1,10
7601.61,1624990363474,50.011954070,1,0,0,5,10,4,5,68,2,0,0,0,18,61,6078975,0,28,0,116,15357,2072542,24183,0,1,187583,135791,57657,58467,20876,11813,20950,11307,58,1072,1072,37,38095,17802,21138028,2195,79,412,260,4250945,4250843,102,119,77,90,168,6078759,4038179,94,129,2950,324,1167,0,90,0,910,7509600,3000,0,469,8,1,4,238,13,4,242,8,2,1,10
7651.62,1624990420788,50.008939484,1,0,0,5,10,4,5,72,2,0,0,0,26,74,6106838,0,51,0,116,7277,2104860,25960,0,1,191539,138672,58866,59529,21219,11193,21231,11150,58,1135,1136,64,38678,18071,21343163,2267,84,427,262,4251292,4251188,102,118,82,92,174,6106675,4034308,95,134,3048,327,1201,11,96,2,954,7612425,3126,0,435,8,1,4,250,13,4,254,8,2,1,10
7701.63,1624990477463,50.010634627,1,0,0,5,10,4,5,106,2,0,0,0,14,74,6128236,0,32,0,116,11588,2135816,24167,0,1,192514,139408,59194,59573,23770,13762,23808,13418,58,1077,1077,33,42765,20685,21518138,2213,75,420,265,4243417,4243323,102,118,73,85,161,6128121,4024697,93,124,3130,329,1391,0,85,0,912,7567019,3044,0,456,8,1,4,243,14,4,247,8,2,1,10
7751.64,1624990534184,50.011347486,1,0,0,5,10,4,5,82,2,0,0,0,36,94,6265615,0,30,0,116,18514,2264057,25252,0,1,190297,137779,59663,60318,23879,14078,23866,13418,58,1064,1064,33,42941,20754,22312332,2187,75,414,264,4250373,4250271,102,118,74,86,164,6265419,4033412,93,125,3115,329,1402,0,86,0,900,7819599,3034,0,469,8,1,4,272,16,4,276,8,2,1,10
7801.65,1624990590921,50.010509631,1,0,0,5,10,4,5,90,2,0,0,0,16,59,6260030,0,29,0,116,4808,2268755,26299,0,1,193396,139967,61480,62342,24261,14150,24333,14079,58,1078,1078,32,43688,21036,22302411,2217,83,420,264,4246086,4245976,102,118,82,97,175,6259890,4025372,95,134,3144,331,1400,0,96,0,911,7701540,3098,0,502,8,1,4,276,16,4,280,8,2,1,10
7851.66,1624990647501,50.010533317,1,0,0,5,10,4,5,92,2,0,0,0,16,81,6208330,0,39,0,116,4723,2233177,24490,0,1,193452,140111,61294,62136,24060,14334,24130,14488,58,1091,1091,37,43688,20872,22052460,2233,78,420,265,4230265,4230167,102,118,76,89,168,6208200,4008397,94,127,3172,333,1408,0,89,0,922,7738001,2967,0,464,8,1,4,265,16,4,269,8,2,1,10
7901.67,1624990704521,50.008613607,1,0,0,5,10,4,5,66,2,0,0,0,4,83,6257470,0,42,0,116,14803,2251900,25151,0,1,191209,138341,57865,58442,20944,11373,20944,11024,58,1138,1139,64,38284,17894,22218877,2272,75,421,262,4254682,4254576,102,118,74,87,166,6257092,4038156,95,126,3043,327,1195,11,87,2,948,7804195,3026,0,445,8,1,4,256,13,4,260,8,2,1,10
7951.68,1624990761553,50.009231116,1,0,0,5,10,4,5,70,2,0,0,0,12,81,6279815,0,35,0,116,18694,2260978,24985,0,1,190471,137828,57598,58371,20852,11849,20921,11276,58,1086,1086,37,38097,17806,22329492,2223,79,419,260,4266742,4266642,102,118,77,91,168,6279592,4051351,94,129,2992,323,1171,0,91,0,915,7885957,3008,0,423,8,1,4,243,13,4,247,8,2,1,10
8001.69,1624990818713,50.010356895,1,0,0,5,10,4,5,82,2,0,0,0,28,71,6350239,0,37,0,116,25043,2337790,24983,0,1,190311,138048,57345,57772,23972,14172,20845,11465,58,1071,1071,33,38913,20930,22744701,2201,73,417,265,4259650,4259555,102,118,72,84,160,6350036,4046336,93,123,2982,327,1183,0,84,0,907,7984945,2999,0,452,8,1,4,251,13,4,255,8,2,1,10
8051.7,1624990875573,50.009893663,1,0,0,5,10,4,5,95,2,0,0,0,29,84,6252834,0,32,0,116,11705,2286266,25852,0,1,192811,139549,59881,60469,23867,13418,23885,13324,58,1072,1072,33,42955,20751,22364361,2202,74,420,264,4217979,4217870,102,118,74,87,164,6252426,3998815,93,125,3130,329,1400,0,87,0,908,7867518,3007,0,454,8,1,4,257,16,4,261,8,2,1,10
8101.71,1624990932239,50.009209138,1,0,0,5,10,4,5,93,2,0,0,0,22,62,6242945,0,29,0,116,14733,2226655,25876,0,1,193374,139938,59704,60518,23870,14048,23952,13828,58,1080,1080,33,43013,20771,22133210,2219,75,421,264,4267079,4266983,102,118,74,87,164,6242752,4047428,93,125,3142,330,1399,0,87,0,914,7725495,3129,0,471,8,1,4,266,16,4,270,8,2,1,10
8151.72,1624990989163,50.009123251,1,0,0,5,10,4,5,99,2,0,0,0,18,69,6182343,0,52,0,116,25329,2193271,24759,0,1,193378,140089,62429,63196,24385,13931,24442,13544,58,1129,1130,64,44325,21154,21898580,2255,83,420,267,4245326,4245218,102,118,81,94,174,6182117,4022514,95,132,3204,337,1433,11,94,2,948,7620679,3014,0,458,8,1,4,270,16,4,274,8,2,1,10
8201.73,1624991046127,50.009313934,1,0,0,5,10,4,5,68,2,0,0,0,8,56,6139444,0,27,0,116,22899,2137170,24455,0,1,190450,137790,57526,58515,20857,10996,20962,10961,58,1086,1086,37,38147,17818,21542237,2223,78,423,259,4249306,4249208,102,118,77,91,168,6139243,4034068,94,129,2983,320,1170,0,90,0,924,7716143,2972,0,469,8,1,4,238,13,4,242,8,2,1,10
8251.74,1624991103473,50.011527362,1,0,0,5,10,4,5,72,2,0,0,0,30,65,6157552,0,26,0,116,16563,2130193,24514,0,1,191159,138341,57161,57980,20772,11683,20833,11307,58,1091,1091,37,37898,17732,21545742,2233,75,421,260,4270745,4270652,102,118,74,86,164,6157346,4055117,94,125,2987,323,1167,0,86,0,914,7661047,3091,0,457,8,1,4,238,13,4,242,8,2,1,10
8301.75,1624991160323,50.008938423,1,0,0,5,10,4,5,83,2,0,0,0,2,80,6176190,0,26,0,116,12585,2185399,25956,0,1,190649,137978,60393,61097,23892,14076,23914,13796,58,1065,1065,33,42957,20778,21802630,2188,75,414,265,4242070,4241979,102,117,74,87,164,6176025,4023939,93,125,3113,332,1401,0,86,0,894,7591214,3084,0,476,8,1,4,261,16,4,265,8,2,1,10
8351.76,1624991217654,50.008993238,1,0,0,5,10,4,5,94,2,0,0,0,24,103,6117958,0,26,0,116,15399,2107023,24550,0,1,193435,139996,59789,60439,23832,13797,23857,13544,58,1081,1081,33,42933,20758,21369321,2221,75,422,265,4264451,4264357,102,117,74,87,164,6117819,4044706,93,125,3143,332,1400,0,88,0,911,7553438,3079,0,476,8,1,4,276,16,4,280,8,2,1,10
8401.77,1624991274399,50.010536269,1,0,0,5,10,4,5,97,2,0,0,0,8,107,6246095,0,28,0,116,11336,2261119,25518,0,1,192691,139450,60201,60992,24021,14209,24062,13702,58,1075,1075,33,43170,20855,22247865,2209,80,419,264,4237735,4237610,102,118,78,90,168,6245936,4018180,93,129,3134,329,1401,0,91,0,911,7752121,3083,0,489,8,1,4,264,16,4,268,8,2,1,10
8451.78,1624991331305,50.012177763,1,0,0,5,10,4,5,84,2,0,0,0,12,84,6084414,0,34,0,116,17726,2103221,24912,0,1,191400,138089,57893,58984,21341,11500,23767,13324,58,1122,1123,60,39420,18262,21284219,2249,78,425,260,4231246,4231150,102,118,77,90,169,6084313,4014302,94,129,3163,325,1410,11,89,2,942,7477359,3006,0,472,8,1,4,266,16,4,270,8,2,1,10
8501.79,1624991388706,50.009143644,1,0,0,5,10,4,5,83,2,0,0,0,4,78,6073930,0,27,0,116,10746,2042962,24559,0,1,190064,137514,57118,57970,20727,11339,20791,10930,58,1085,1085,37,37934,17719,21021778,2221,74,418,259,4274709,4274611,102,118,73,87,164,6073732,4060230,94,125,2976,320,1166,0,87,0,915,7541028,2905,0,447,8,1,4,240,13,4,244,8,2,1,10
8551.8,1624991446086,50.012636738,1,0,0,5,10,4,5,84,2,0,0,0,30,65,6162806,0,30,0,116,9350,2144037,24749,0,1,192181,139556,60274,60778,23303,13202,21386,11024,58,1089,1089,37,40890,20133,21588773,2229,80,420,265,4271838,4271741,102,119,78,90,168,6162525,4052935,94,129,3004,333,1196,0,91,0,918,7549598,3103,0,478,8,1,4,241,14,4,245,8,2,1,10
8601.81,1624991503113,50.010341364,1,0,0,5,10,4,5,86,2,0,0,0,0,58,6049870,0,29,0,116,8683,2035392,24339,0,1,194011,140501,61872,62669,24193,14116,24272,13922,58,1095,1095,37,43916,20990,20984352,2241,80,421,266,4269541,4269436,102,118,80,94,172,6049661,4046645,94,131,3169,336,1409,0,93,0,918,7372322,2998,0,470,8,1,4,269,16,4,273,8,2,1,10
8651.82,1624991559986,50.010618064,1,0,0,5,10,4,5,95,2,0,0,0,29,76,6228319,0,27,0,118,10092,2201622,25244,0,1,192991,139696,59809,60611,23864,14268,23949,14206,59,1081,1081,33,42931,20748,21972227,2221,76,420,265,4279690,4279598,104,120,74,87,164,6228194,4060664,93,125,3144,332,1403,0,87,0,911,7747551,3122,0,487,8,1,4,273,16,4,277,8,2,1,10
8701.83,1624991616903,50.008836515,1,0,0,5,10,4,5,97,2,0,0,0,40,70,6216426,0,32,0,116,10033,2184888,25470,0,1,193454,140094,61059,61664,24225,14054,24216,13355,58,1123,1124,60,43540,21032,21884078,2250,80,426,267,4286447,4286348,102,118,79,92,170,6216248,4065808,94,130,3185,336,1437,11,92,2,946,7662920,3134,0,487,8,1,4,270,16,4,274,8,2,1,10
8751.84,1624991673766,50.008707329,1,0,0,5,10,4,5,72,2,0,0,0,8,77,6163404,0,27,0,116,13061,2136218,24624,0,1,189612,137079,55516,56190,20521,10894,20543,10678,58,1075,1075,33,37169,17580,21573985,2209,72,418,258,4270462,4270365,102,118,71,84,160,6163005,4058506,93,123,2957,317,1162,0,83,0,912,7626385,2980,0,452,8,1,4,233,13,4,237,8,2,1,10
8801.85,1624991730330,50.009217246,1,0,0,6,12,5,6,69,2,0,0,0,10,54,6173188,0,28,0,120,3952,2151919,25215,0,1,190061,137537,57522,58325,20853,11122,20916,11182,60,1084,1084,37,38114,17796,21639147,2219,78,418,259,4268808,4268705,102,118,77,90,168,6172967,4053887,94,129,2972,320,1166,0,90,0,917,7648628,2933,0,444,7,1,5,234,13,5,239,7,3,2,9
8851.86,1624991786824,50.008460036,1,0,0,5,10,4,5,64,2,0,0,0,6,50,6192562,0,31,0,116,5336,2164889,25260,0,1,190691,137961,57094,57483,20731,11369,20705,11024,58,1087,1087,37,37889,17698,21737662,2225,75,419,259,4276288,4276184,102,118,73,86,164,6192060,4061035,94,125,2990,320,1168,0,86,0,914,7669310,2964,0,436,7,1,4,238,13,4,242,7,2,1,9
8901.87,1624991843567,50.010330155,1,0,0,5,10,4,5,91,2,0,0,0,26,104,6099789,0,36,0,116,15030,2110723,25978,0,1,193700,140341,61342,61457,24044,14145,23936,14111,58,1090,1090,37,43670,20874,21375116,2230,77,421,266,4244102,4244002,102,118,76,88,168,6099431,4022240,94,127,3163,336,1405,0,90,0,916,7570570,3118,0,456,8,1,4,272,16,4,276,8,2,1,10
8951.88,1624991900523,50.010749188,1,0,0,5,10,4,5,90,2,0,0,0,30,53,6171573,0,42,0,116,16187,2132579,25349,0,1,190881,138192,60655,61350,24110,13767,24177,13324,58,1111,1112,60,43433,20930,21601621,2227,76,415,267,4290474,4290378,102,118,75,89,168,6171439,4072056,95,127,3168,336,1426,11,88,2,933,7593129,3105,0,461,8,1,4,254,16,4,254,8,2,1,10
9001.89,1624991957332,50.009000977,1,0,0,5,10,4,5,89,2,0,0,0,22,76,6328127,0,39,0,116,20381,2326722,25439,0,1,193045,139719,60250,60889,23945,14019,23985,13481,58,1079,1079,33,43171,20842,22695612,2217,79,424,265,4254200,4254103,102,118,78,90,168,6327919,4034565,93,129,3157,332,1403,0,90,0,905,7934552,3097,0,479,8,1,4,266,16,4,270,8,2,1,10
9051.9,1624992014382,50.012168800,1,0,0,5,10,4,5,64,2,0,0,0,38,57,6352182,0,37,0,116,6137,2348397,25774,0,1,190548,137506,57691,58806,22148,12599,23703,13764,58,1073,1073,33,40958,19131,22773379,2205,74,419,258,4252742,4252642,102,118,73,87,164,6351939,4036911,93,125,3120,321,1376,0,86,0,908,7902766,3099,0,487,8,1,4,272,16,4,276,8,2,1,10
9101.91,1624992071535,50.010607811,1,0,0,5,10,4,5,69,2,0,0,0,16,85,6164131,0,39,0,116,9356,2162396,24861,0,1,190274,137556,55572,56429,20540,10767,20614,10866,58,1081,1081,33,37202,17567,21662622,2221,72,420,259,4242016,4241920,102,118,71,83,160,6163977,4029146,93,123,2986,320,1161,0,83,0,911,7701651,3048,0,428,4,1,4,250,13,4,254,2,2,1,4
9151.92,1624992128665,50.009104988,1,0,0,5,10,4,5,62,2,0,0,0,46,72,6321623,0,26,0,116,20183,2302383,25869,0,1,190983,138226,57010,57817,20720,10770,20763,10394,58,1089,1089,37,37941,17717,22560163,2229,75,422,259,4267955,4267853,102,118,73,86,164,6321437,4052980,94,125,2983,320,1165,0,86,0,920,7970387,3049,0,447,6,1,4,253,13,4,257,2,2,1,6
9201.93,1624992185505,50.010571083,1,0,0,5,10,4,5,80,2,0,0,0,20,53,6165042,0,35,0,116,22775,2167416,25394,0,1,193595,140273,60697,60905,23937,13608,21425,10898,58,1089,1089,37,43406,20822,21750021,2229,77,422,266,4252098,4252001,102,118,75,87,165,6164876,4031412,94,126,3153,333,1396,0,88,0,915,7593982,3076,0,430,6,1,4,242,13,4,246,2,2,1,6
9251.94,1624992242220,50.011497890,1,0,0,5,10,4,5,86,2,0,0,0,4,88,6152880,0,36,0,116,18211,2124471,25688,0,1,191705,138851,62360,63154,24194,13803,24242,13261,58,1075,1075,37,43917,20970,21551657,2201,82,420,265,4280620,4280520,102,118,80,93,172,6152701,4059136,94,131,3142,332,1410,0,94,0,912,7598960,3069,0,458,6,1,4,273,16,4,277,2,2,1,6
9301.95,1624992299309,50.010504192,1,0,0,5,10,4,5,90,2,0,0,0,28,120,6299432,0,28,0,116,21051,2308250,27594,0,1,192208,139153,59805,60627,23860,13450,23932,13009,58,1075,1075,33,42957,20740,22580661,2209,76,418,265,4240592,4240494,102,118,74,87,164,6299317,4021959,93,125,3131,332,1407,0,88,0,910,8005378,3058,0,455,6,1,4,262,16,4,266,2,2,1,6
9351.96,1624992356171,50.008803043,1,0,0,5,10,4,5,73,2,0,0,0,58,74,6280216,0,27,0,116,15696,2263779,24940,0,1,191697,138394,58059,58878,22532,12880,23681,13418,58,1079,1079,33,41249,19469,22334544,2217,74,423,258,4266156,4266056,102,118,73,86,164,6279842,4049164,93,125,3122,321,1383,0,85,0,905,7839397,3160,0,473,6,1,4,272,16,4,276,2,2,1,6
9401.97,1624992413358,50.010203549,1,0,0,5,10,4,5,80,2,0,0,0,28,61,6335197,0,28,0,116,6720,2347669,25833,0,1,189398,136996,55966,56444,20642,11054,20675,10929,58,1072,1072,33,37344,17643,22741944,2201,76,418,258,4231367,4231261,102,119,75,87,164,6334781,4019072,93,127,2953,316,1165,0,87,0,902,7960985,2982,0,449,6,1,4,247,13,4,251,2,2,1,6
9451.98,1624992470157,50.011328857,1,0,0,5,10,4,5,85,2,0,0,0,0,83,5939449,0,29,0,116,6383,1951862,24138,0,1,191109,138280,57658,58265,22906,13172,26968,17040,58,1091,1091,37,38316,19860,20405274,2233,78,420,260,4232069,4231967,102,117,77,88,168,5939234,4015867,94,129,2992,320,1178,0,91,0,916,7253196,2904,0,430,6,1,4,253,13,4,257,2,2,1,6
9501.99,1624992527375,50.010909548,1,0,0,5,10,4,5,100,2,0,0,0,2,81,6199977,0,36,0,116,17974,2215851,26265,0,1,192255,139338,63926,64414,24668,13971,24685,13607,58,1125,1126,64,44712,21302,22009893,2247,91,421,267,4239527,4239418,102,118,89,100,182,6199879,4016253,95,140,3185,337,1439,11,102,2,951,7618896,3152,0,456,6,1,4,269,16,4,273,2,2,1,6
9552,1624992584208,50.010685182,1,0,0,5,10,4,5,80,2,0,0,0,24,95,6219160,0,26,0,116,9171,2220070,24947,0,1,193495,140150,61336,62355,24034,13674,24168,13733,58,1089,1089,37,43663,20857,22031785,2229,77,421,266,4254416,4254313,102,118,76,91,168,6218982,4033173,94,127,3154,337,1408,0,90,0,922,7730543,3084,0,472,6,1,4,273,16,4,277,2,2,1,6
9602.01,1624992641010,50.010563223,1,0,0,5,10,4,5,80,2,0,0,0,2,49,6155805,0,26,0,116,10302,2133673,25082,0,1,192882,139558,59768,60625,23826,13543,23881,13229,58,1079,1079,33,42922,20731,21609402,2217,76,419,265,4268445,4268351,102,118,74,87,164,6155609,4048871,93,125,3140,332,1400,0,87,0,912,7717969,3005,0,451,6,1,4,271,16,4,275,2,2,1,6
9652.02,1624992698322,50.013269200,1,0,0,5,10,4,5,62,2,0,0,0,4,97,6082755,0,26,0,116,15871,2062048,25013,0,1,190726,137845,55563,56350,20539,11176,20585,10961,58,1082,1082,33,37138,17571,21078806,2222,73,421,259,4267249,4267147,102,119,71,83,160,6082456,4053767,93,123,2974,319,1159,0,83,0,905,7473841,2948,0,450,6,1,4,248,13,4,252,2,2,1,6
9702.03,1624992754648,50.013286223,1,0,0,5,10,4,5,68,2,0,0,0,36,52,6341006,0,29,0,116,17193,2326840,24818,0,1,190770,137971,55945,56676,20663,11463,20710,10866,58,1082,1082,33,37362,17653,22672728,2222,75,422,258,4258983,4258878,102,117,75,87,164,6340763,4045567,93,127,2975,316,1160,0,87,0,913,7957560,3059,0,455,6,1,4,241,13,4,245,2,2,1,6
9752.04,1624992812064,50.009053312,1,0,0,5,10,4,5,87,2,0,0,0,8,99,6042849,0,71,0,116,26377,2042252,25063,0,1,189597,137082,56369,57226,20716,11437,20788,10993,58,1119,1120,60,37506,17760,20988959,2243,73,424,261,4247258,4247164,102,118,72,87,162,6042623,4033974,94,124,3016,357,1194,11,85,2,949,7427657,2997,0,428,6,1,4,233,13,4,237,2,2,1,6
9802.05,1624992868522,50.011365078,1,0,0,5,10,4,5,102,2,0,0,0,26,69,6247364,0,30,0,116,15897,2247296,25029,0,1,192768,139917,59358,59766,23185,13165,21153,11213,58,1088,1088,37,40702,20062,22207457,2227,76,421,265,4251872,4251773,102,118,74,86,164,6247166,4033369,94,125,3001,331,1188,0,87,0,916,7830713,3090,0,457,6,1,4,246,13,4,250,2,2,1,6
9852.06,1624992925358,50.008643647,1,0,0,5,10,4,5,80,2,0,0,0,12,84,6131716,0,30,0,116,14901,2125746,24615,0,1,192337,139301,60997,61031,23958,14018,23777,13607,58,1082,1082,37,43424,20779,21498219,2215,76,417,266,4257135,4257027,102,118,75,85,164,6131253,4036128,92,126,3139,338,1405,0,89,0,909,7620667,2941,0,467,6,1,4,277,16,4,281,2,2,1,5
9902.07,1624992981973,50.012569668,1,0,0,5,10,4,5,90,2,0,0,0,19,73,6251781,0,64,0,116,18339,2259637,25354,0,1,192599,139486,61202,61717,24080,14021,24095,13733,58,1081,1081,37,43635,20872,22270519,2213,77,419,265,4245721,4245609,102,118,76,89,168,6251209,4024981,94,127,3149,362,1409,0,89,0,910,7712548,3102,0,467,4,1,4,264,16,4,268,2,2,1,4
9952.08,1624993039209,50.009353950,1,0,0,5,10,4,5,102,2,0,0,0,24,85,6263437,0,35,0,116,17093,2272744,26029,0,1,190915,138059,58558,59669,23329,13007,23780,13040,58,1070,1070,33,42120,20297,22349688,2199,74,417,260,4238829,4238716,102,118,73,86,164,6263298,4022205,93,125,3109,327,1377,0,85,0,903,7778849,3067,0,455,6,1,4,266,16,4,270,2,2,1,6
10002.1,1624993096136,50.009073557,1,0,0,5,10,4,5,64,2,0,0,0,48,74,6333413,0,51,0,116,13656,2325935,25279,0,1,189010,136713,55912,56605,20652,11211,20624,10804,58,1084,1084,42,37364,17702,22660883,2209,73,419,260,4251691,4251602,102,118,71,83,159,6333270,4039783,94,124,2976,321,1162,4,84,0,914,8003470,3040,0,461,6,1,4,251,13,4,255,2,2,1,6
10052.1,1624993153510,50.010338974,1,0,0,5,10,4,5,74,2,0,0,0,10,63,6208978,0,28,0,116,20720,2202572,24807,0,1,190166,137495,56518,57216,20810,11028,20851,10804,58,1078,1078,33,37546,17755,21937524,2215,80,423,259,4250765,4250654,102,118,79,92,168,6208644,4037390,93,131,2976,320,1164,0,91,0,907,7718860,2956,0,445,6,1,4,224,13,4,228,2,2,1,6
10102.1,1624993210373,50.011605097,1,0,0,5,10,4,5,80,2,0,0,0,28,51,6312747,0,49,0,118,20163,2266094,25212,0,1,193769,140372,61254,61991,24038,14208,24095,14016,59,1088,1088,37,43687,20858,22435052,2227,77,422,265,4302164,4302059,104,120,76,89,168,6312563,4080492,94,127,3171,336,1405,0,89,0,913,7851025,3126,0,461,6,1,4,274,16,4,278,2,2,1,6
10152.1,1624993266644,50.013507507,1,0,0,5,10,4,5,92,2,0,0,0,12,91,6202723,0,37,0,116,17015,2225960,24903,0,1,192700,139592,61292,62099,23983,14147,24062,13921,58,1084,1084,37,43651,20828,21984231,2219,77,418,265,4231906,4231805,102,118,76,90,168,6202507,4011326,94,127,3155,333,1412,0,92,0,907,7707576,3053,0,482,6,1,4,265,16,4,269,2,2,1,6
10202.1,1624993323620,50.010472626,1,0,0,5,10,4,5,93,2,0,0,0,24,91,6236279,0,29,0,116,13005,2243148,25803,0,1,191617,138853,61947,62898,24153,13706,24239,13324,58,1079,1079,37,43878,20959,22161203,2209,82,416,265,4247423,4247320,102,118,80,95,172,6236190,4026918,94,131,3134,332,1410,0,93,0,912,7698822,3099,0,484,6,1,4,266,16,4,270,2,2,1,6
10252.1,1624993380431,50.009690302,1,0,0,5,10,4,5,90,2,0,0,0,8,51,6171678,0,38,0,116,7374,2162911,25051,0,1,193433,139964,59862,60928,23839,14046,23926,13827,58,1082,1082,33,42914,20734,21703885,2223,76,421,265,4263063,4262976,102,118,75,89,164,6171491,4042484,93,125,3159,332,1402,0,86,0,910,7575193,3051,0,473,6,1,4,260,16,4,264,2,2,1,6
10302.1,1624993437634,50.008612114,1,0,0,5,10,4,5,83,2,0,0,0,52,67,6320597,0,44,0,116,25229,2305323,25672,0,1,190881,138091,56828,57466,20900,11408,20899,10961,58,1124,1125,60,37719,17841,22572075,2253,76,427,261,4263317,4263212,102,118,76,88,166,6320258,4049210,94,128,3027,323,1188,11,89,2,946,7936656,3128,0,460,6,1,4,245,13,4,249,2,2,1,6
10352.1,1624993494710,50.009185142,1,0,0,5,10,4,5,64,2,0,0,0,36,70,6105540,0,29,0,116,9281,2106808,25014,0,1,190747,137960,55644,56429,20480,11461,20554,11024,58,1086,1086,33,37130,17572,21328561,2231,72,422,259,4245117,4245025,102,118,71,83,160,6105409,4032163,93,123,2986,320,1165,0,83,0,913,7545731,3095,0,458,6,1,4,241,13,4,245,2,2,1,6
10402.1,1624993551696,50.010563102,1,0,0,5,10,4,5,98,2,0,0,0,12,60,6376101,0,30,0,116,8902,2356727,25461,0,1,192648,139813,59397,59815,22435,11880,21103,10709,58,1087,1087,37,40011,19330,22878881,2225,81,421,265,4269585,4269484,102,118,78,92,168,6375904,4051780,94,129,2998,328,1188,0,93,0,910,7968345,3044,0,446,6,1,4,251,14,4,255,2,2,1,6
10452.1,1624993607925,50.010672195,1,0,0,5,10,4,5,81,2,0,0,0,10,72,6413255,0,29,0,116,6161,2405072,26368,0,1,191870,138989,61957,62766,24047,13514,24083,13324,58,1083,1083,37,43695,20887,23173626,2217,77,417,265,4261864,4261771,102,118,76,90,168,6413130,4040642,94,127,3144,333,1411,0,89,0,918,8007092,3150,0,473,6,1,4,268,16,4,272,2,2,1,6
10502.1,1624993664963,50.010775307,1,0,0,5,10,4,5,92,2,0,0,0,6,66,6186771,0,26,0,116,5149,2183291,25713,0,1,193003,139782,61174,61664,23995,14208,24027,13796,58,1083,1083,37,43590,20866,21805779,2217,76,419,265,4257990,4257880,102,118,76,89,168,6185707,4036861,94,127,3140,333,1409,0,89,0,915,7646513,3015,0,447,6,1,4,275,16,4,279,2,2,1,6
10552.1,1624993722010,50.010415872,1,0,0,5,10,4,5,104,2,0,0,0,34,111,6233742,0,34,0,116,14861,2238650,26534,0,1,192808,139604,60969,61762,24237,13771,24268,13733,58,1120,1121,60,43532,21026,22157842,2245,81,425,267,4247364,4247262,102,118,79,92,170,6233618,4027058,94,130,3179,336,1432,11,92,2,942,7812311,3125,0,466,6,1,4,273,16,4,277,2,2,1,6
10602.1,1624993779018,50.008690756,1,0,0,5,10,4,5,77,2,0,0,0,20,75,6265071,0,27,0,116,20835,2269039,24289,0,1,190343,137617,55597,56198,20570,11146,20577,10929,58,1078,1078,33,37107,17584,22270775,2215,72,421,259,4243589,4243502,102,117,71,83,160,6264902,4030530,93,123,2968,319,1162,0,83,0,918,7855165,2960,0,428,6,1,4,249,13,4,253,2,2,1,6
10652.1,1624993835660,50.008868869,1,0,0,5,10,4,5,70,2,0,0,0,22,67,6323364,0,30,0,116,15563,2332925,25128,0,1,189883,137324,56061,56690,20658,11653,20663,11182,58,1080,1080,33,37330,17668,22666161,2219,76,419,259,4235893,4235796,102,118,75,87,164,6323040,4023373,93,127,2973,321,1166,0,87,0,909,7943041,2957,0,438,7,1,4,243,13,4,247,7,2,1,9
10702.1,1624993892198,50.009410906,1,0,0,5,10,4,5,64,2,0,0,0,14,67,6187849,0,27,0,116,10011,2185072,25641,0,1,189609,137073,56503,57736,20629,11401,20747,11024,58,1081,1081,35,37608,17643,21810480,2217,74,419,259,4245492,4245387,102,119,72,89,161,6187606,4032153,94,125,2973,320,1163,0,86,0,910,7722331,3086,0,421,8,1,4,255,13,4,259,8,2,1,10
10752.1,1624993949059,50.010674745,1,0,0,5,10,4,5,97,2,0,0,0,10,76,6248470,0,28,0,116,7003,2242509,25404,0,1,193353,140082,60674,60978,23954,13545,21445,11213,58,1090,1090,37,43371,20790,22198103,2231,76,420,265,4258514,4258413,102,118,75,88,165,6248285,4037559,94,126,3153,330,1396,0,88,0,922,7751216,3040,0,451,8,1,4,243,14,4,247,8,2,1,10
10802.1,1624994006038,50.010056633,1,0,0,5,10,4,5,92,2,0,0,0,18,81,6269770,0,32,0,118,11586,2297562,25827,0,1,193448,140127,61913,62563,24223,13832,24246,13670,59,1129,1130,64,44049,21040,22446217,2253,77,420,267,4228055,4227954,104,120,77,90,170,6269460,4005698,95,128,3181,336,1433,11,90,2,948,7936598,3072,0,463,8,1,4,266,16,4,270,8,2,1,10
10852.1,1624994062794,50.011595710,1,0,0,5,10,4,5,80,2,0,0,0,8,55,6111908,0,27,0,116,8309,2114954,24739,0,1,193064,139830,61201,62071,24040,14049,24108,13481,58,1083,1083,37,43672,20880,21399544,2217,78,419,265,4252723,4252629,102,118,77,90,168,6111648,4031391,94,127,3141,332,1411,0,90,0,915,7531746,3049,0,474,7,1,4,271,16,4,275,7,2,1,9
10902.1,1624994120042,50.017850195,1,0,0,5,10,4,5,72,2,0,0,0,36,72,6185312,0,27,0,116,19408,2183080,24954,0,1,190228,137295,57409,58705,21331,12911,23562,14142,58,1072,1072,33,40039,18285,21802524,2203,75,419,259,4251365,4251266,102,119,73,86,164,6185194,4036386,93,125,3108,324,1383,0,85,0,908,7673202,3091,0,464,8,1,4,266,16,4,270,8,2,1,10
10952.1,1624994176393,50.013328334,1,0,0,5,10,4,5,80,2,0,0,0,0,65,6204097,0,29,0,116,22028,2159401,24169,0,1,187658,135734,57856,58646,21066,10750,21109,10300,58,1061,1061,33,38117,17935,21760961,2181,85,413,259,4287317,4287206,102,118,83,98,175,6203887,4075326,95,136,2939,322,1171,0,98,0,902,7731076,2970,0,451,8,1,4,242,13,4,246,8,2,1,10
11002.1,1624994233094,50.009098710,1,0,0,5,10,4,5,64,2,0,0,0,12,67,6005094,0,27,0,116,16322,1988493,24351,0,1,190864,137989,55644,56418,22607,13445,20603,11150,58,1088,1088,33,37150,19644,20704466,2235,72,421,259,4257910,4257810,102,118,71,83,160,6004916,4044577,93,123,2990,320,1163,0,83,0,913,7366680,2948,0,434,8,1,4,249,13,4,253,8,2,1,10
11052.1,1624994290118,50.012583927,1,0,0,5,10,4,5,80,2,0,0,0,1,65,6224781,0,41,0,116,8399,2141060,24527,0,1,192984,140039,59372,59558,23159,13166,21120,11150,58,1090,1090,37,40687,20075,21731102,2231,75,420,265,4334839,4334744,102,118,74,87,164,6224529,4116421,94,125,3019,328,1192,0,87,0,914,7680092,3050,0,435,8,1,4,246,14,4,250,8,2,1,10
11102.1,1624994346910,50.008777983,1,0,0,5,10,4,5,96,2,0,0,0,0,60,6148069,0,35,0,116,12809,2116916,24798,0,1,193133,139881,62447,63103,24381,13836,24366,13513,58,1127,1128,64,44263,21139,21505936,2251,82,423,267,4288080,4287973,102,118,81,94,174,6147728,4065190,95,132,3191,337,1435,11,94,2,949,7599635,3034,0,473,8,1,4,265,16,4,269,8,2,1,10
11152.1,1624994403588,50.009321988,1,0,0,5,10,4,5,80,2,0,0,0,16,70,6085515,0,37,0,116,14392,2091188,24852,0,1,192916,139727,61226,62271,24039,13924,24177,13512,58,1084,1084,37,43737,20900,21280922,2219,78,419,265,4247915,4247813,102,118,76,92,168,6085327,4027089,94,127,3154,332,1408,0,90,0,910,7449064,3035,0,493,8,1,4,276,16,4,280,8,2,1,10
11202.1,1624994459777,50.010643668,1,0,0,5,10,4,5,87,2,0,0,0,16,90,6129070,0,41,0,116,10800,2104143,24632,0,1,192434,139300,59823,60661,23878,14299,23967,14205,58,1075,1075,33,42964,20757,21418809,2209,76,419,265,4273810,4273714,102,118,74,86,164,6128872,4054757,93,125,3145,332,1408,0,86,0,914,7587901,3046,0,475,7,1,4,267,16,4,271,7,2,1,9
11252.1,1624994516925,50.008852620,1,0,0,5,10,4,5,69,2,0,0,0,0,50,6191598,0,28,0,116,6415,2162053,24782,0,1,190351,137589,55730,56722,20545,11808,20611,11654,58,1086,1086,33,37149,17561,21714127,2231,71,420,260,4275862,4275758,102,118,71,85,160,6191175,4062907,93,123,2988,324,1169,0,84,0,914,7671138,2901,0,466,8,1,4,240,13,4,244,8,2,1,10
11302.1,1624994573996,50.008769333,1,0,0,5,10,4,5,68,2,0,0,0,28,55,6296871,0,35,0,116,14135,2287245,25459,0,1,190490,137770,56106,56756,20690,12094,20698,11716,58,1084,1084,33,37366,17648,22426162,2227,76,421,259,4256269,4256165,102,118,75,87,164,6296506,4042896,93,127,2988,320,1167,0,87,0,911,7871404,3051,0,469,8,1,4,241,13,4,245,8,2,1,10
11352.1,1624994630782,50.009315368,1,0,0,5,10,4,5,82,2,0,0,0,32,55,6179816,0,48,0,116,15141,2130023,25036,0,1,191269,138529,60268,60677,21571,12236,21487,11717,58,1134,1135,64,39439,18346,21614912,2264,89,425,266,4298201,4298098,102,118,87,99,178,6179833,4079853,95,138,3068,332,1232,11,100,2,950,7623333,3153,0,474,7,1,4,237,13,4,241,7,2,1,9
11402.1,1624994687448,50.008964013,1,0,0,5,10,4,5,78,2,0,0,0,24,76,6147619,0,26,0,116,15916,2123527,24971,0,1,192170,139243,61264,61941,24091,14145,24136,13890,58,1081,1081,37,43690,20849,21526445,2213,77,417,265,4276971,4276866,102,118,76,90,168,6147455,4056520,94,127,3137,333,1415,0,90,0,919,7614835,3074,0,489,8,1,4,268,16,4,272,8,2,1,10
11452.1,1624994743907,50.010630263,1,0,0,5,10,4,5,104,2,0,0,0,4,81,6097296,0,26,0,116,10289,2104712,24347,0,1,192007,139054,61228,62049,24042,13861,24132,13669,58,1080,1080,37,43697,20863,21317032,2211,77,417,265,4247250,4247149,102,118,76,91,168,6097118,4026987,94,127,3135,333,1407,0,89,0,913,7531363,3047,0,467,8,1,4,276,16,4,280,8,2,1,10
11502.1,1624994800780,50.008586015,1,0,0,5,10,4,5,80,2,0,0,0,42,87,6329388,0,26,0,116,22313,2300830,25710,0,1,192383,139277,59788,60294,23836,14520,23867,14237,58,1073,1073,33,42881,20704,22596447,2204,75,419,265,4277385,4277292,102,118,74,89,164,6329060,4058964,93,125,3128,332,1401,0,88,0,904,7941938,3112,0,500,7,1,4,272,16,4,276,7,2,1,9
11552.1,1624994858218,50.009886789,1,0,0,5,10,4,5,77,2,0,0,0,38,78,6167220,0,28,0,116,22295,2143892,24131,0,1,191579,138248,56901,58265,21134,11713,23464,13543,58,1082,1082,33,39172,18116,21598562,2223,74,422,259,4274503,4274406,102,118,72,86,163,6167113,4058374,93,124,3128,324,1386,0,84,0,907,7670120,3092,0,487,8,1,4,264,16,4,268,8,2,1,10
11602.1,1624994914577,50.012927427,1,0,0,5,10,4,5,81,2,0,0,0,18,87,6216016,0,33,0,116,11355,2194763,26343,0,1,189497,137075,56847,57725,20870,11719,20966,11244,58,1122,1123,60,37786,17847,21915910,2249,78,422,261,4267291,4267194,102,118,76,88,166,6215733,4053953,94,128,3016,326,1196,11,88,2,940,7783338,3096,0,480,8,1,4,237,13,4,241,8,2,1,10
11652.1,1624994971988,50.009008693,1,0,0,5,10,4,5,73,2,0,0,0,32,87,6135319,0,26,0,116,17532,2092318,25931,0,1,190579,137938,57538,58509,20742,11338,20844,11118,58,1086,1086,37,38026,17722,21355485,2223,75,420,259,4286877,4286784,102,118,73,89,164,6135167,4071431,94,125,2980,320,1179,0,87,0,915,7588210,3202,0,458,8,1,4,245,13,4,249,8,2,1,10
11702.1,1624995028662,50.010461636,1,0,0,5,10,4,5,78,2,0,0,0,6,68,6198613,0,27,0,116,8383,2111645,24912,0,1,192973,140024,58962,59241,22234,12536,20943,11433,58,1090,1090,37,39804,19172,21559319,2230,75,421,265,4337327,4337219,102,118,74,86,164,6198425,4119270,94,125,3005,328,1187,0,88,0,917,7687525,3024,0,455,8,1,4,244,14,4,248,8,2,1,10
11752.1,1624995085444,50.008766407,1,0,0,5,10,4,5,82,2,0,0,0,24,93,6214917,0,27,0,116,7272,2187103,25211,0,1,193651,140277,61251,61878,24014,13892,24023,13953,58,1084,1084,37,43684,20862,21906737,2219,77,421,265,4278218,4278112,102,118,76,90,168,6214511,4056749,94,127,3141,332,1404,0,90,0,911,7666422,3130,0,484,8,1,4,277,16,4,281,8,2,1,10
11802.1,1624995142309,50.010772398,1,0,0,5,10,4,5,80,2,0,0,0,18,86,6161963,0,27,0,116,12811,2129166,24982,0,1,193029,139720,59814,60796,23869,14013,23978,13922,58,1079,1079,33,42952,20766,21581841,2217,76,420,265,4281811,4281718,102,118,74,88,164,6161794,4062277,93,125,3142,332,1408,0,86,0,905,7725379,3068,0,490,8,1,4,258,16,4,262,8,2,1,10
11852.1,1624995199328,50.012128567,1,0,0,5,10,4,5,80,2,0,0,0,22,77,6299708,0,33,0,116,18372,2283587,24389,0,1,192146,139073,59799,60649,23841,14141,23918,13544,58,1072,1072,33,42946,20773,22492119,2202,76,418,265,4262943,4262849,102,118,74,86,164,6299586,4044007,93,125,3140,332,1412,0,86,0,903,7955831,3026,0,456,8,1,4,272,16,4,276,8,2,1,10
11902.1,1624995256639,50.010430581,1,0,0,5,10,4,5,76,2,0,0,0,4,91,6190415,0,54,0,116,19777,2165385,27072,0,1,189826,137269,58145,58568,21031,11599,21051,11370,58,1120,1121,60,37939,17934,21784204,2245,81,422,262,4270169,4270062,102,118,80,94,170,6190056,4055016,94,132,3012,346,1190,11,92,2,945,7579349,3170,0,434,8,1,4,234,13,4,238,8,2,1,10
11952.1,1624995313575,50.011890139,1,0,0,5,10,4,5,72,2,0,0,0,22,93,6120461,0,29,0,116,12985,2084268,24618,0,1,190669,137849,55636,56364,20553,11336,20605,10740,58,1081,1081,33,37227,17588,21264164,2221,71,421,259,4279986,4279887,102,118,71,84,160,6120129,4066819,93,123,2978,323,1169,0,85,0,910,7555126,3016,0,440,8,1,4,240,13,4,244,8,2,1,10
12002.1,1624995370461,50.010558242,1,0,0,5,10,4,5,83,2,0,0,0,16,54,6256511,0,30,0,116,9591,2232849,25365,0,1,192621,139786,58824,59303,22153,12441,20958,11465,58,1090,1090,37,39703,19101,22164616,2231,75,421,265,4272982,4272885,102,118,74,87,164,6256367,4055326,94,125,3004,331,1187,0,87,0,921,7836091,3000,0,433,8,1,4,238,14,4,242,8,2,1,10
12052.1,1624995427114,50.011669142,1,0,0,5,10,4,5,80,2,0,0,0,16,74,6178242,0,26,0,116,15504,2131851,25662,0,1,192897,139706,61122,61899,24010,13798,24090,13355,58,1081,1081,37,43689,20895,21656035,2213,78,419,264,4295829,4295723,102,119,76,90,168,6177995,4074919,94,127,3134,329,1402,0,90,0,912,7611533,3135,0,457,8,1,4,269,16,4,273,8,2,1,10
12102.1,1624995484163,50.009178367,1,0,0,5,10,4,5,88,2,0,0,0,6,91,6046435,0,47,0,116,7934,2053045,24498,0,1,193669,140256,61690,62568,24182,14054,24256,13827,58,1088,1088,37,43861,20972,21016388,2226,82,420,265,4248804,4248703,102,118,80,93,172,6046279,4026660,94,131,3164,338,1407,0,93,0,912,7400666,3089,0,464,8,1,4,258,16,4,262,8,2,1,10
12152.1,1624995540695,50.010071267,1,0,0,5,10,4,5,84,2,0,0,0,52,91,6222144,0,43,0,116,7805,2197025,25656,0,1,191904,138984,61306,61885,24202,14936,24227,14709,58,1113,1114,60,43523,21009,21961439,2231,80,422,267,4277996,4277884,102,118,79,91,170,6221896,4058352,94,130,3175,336,1430,11,91,2,940,7720113,3206,0,490,8,1,4,265,16,4,269,8,2,1,10
12202.1,1624995597303,50.011907926,1,0,0,5,10,4,5,66,2,0,0,0,36,58,6353717,0,38,0,116,4892,2352279,26008,0,1,190053,137420,55691,56515,20566,12217,20620,11968,58,1081,1081,33,37162,17566,22766234,2221,71,420,260,4247817,4247719,102,118,71,85,160,6353399,4034924,93,123,2988,323,1163,0,83,0,914,7917362,3120,0,473,8,1,4,243,13,4,247,8,2,1,10
12252.1,1624995654245,50.009418339,1,0,0,5,10,4,5,70,2,0,0,0,2,71,6245265,0,45,0,116,12007,2186184,26321,0,1,189805,137218,56098,56967,20660,11465,20731,11181,58,1081,1081,33,37391,17683,21931395,2221,76,418,259,4304214,4304116,102,118,75,87,164,6245030,4091390,93,127,2992,320,1160,0,88,0,910,7855072,3018,0,451,8,1,4,239,13,4,243,8,2,1,10
12302.1,1624995711554,50.008683189,1,0,0,5,10,4,5,72,2,0,0,0,26,89,6194748,0,31,0,116,14954,2186597,24539,0,1,189618,137237,57503,58173,20861,11657,20876,11559,58,1081,1081,37,38109,17805,21834117,2213,79,418,259,4254228,4254124,102,118,77,91,168,6194381,4040227,94,129,2976,320,1180,0,91,0,916,7765093,2995,0,454,8,1,4,254,13,4,258,8,2,1,10
12352.1,1624995768156,50.009398726,1,0,0,5,10,4,5,87,2,0,0,0,8,56,6303242,0,27,0,116,6418,2249518,25806,0,1,193251,139964,61139,61974,24046,14553,24092,14268,58,1082,1082,37,43686,20876,22333235,2214,78,420,264,4306517,4306417,102,118,76,89,168,6303028,4085136,94,127,3137,329,1405,0,89,0,914,7795961,3049,0,460,8,1,4,277,16,4,281,8,2,1,10
12402.1,1624995825283,50.011921748,1,0,0,5,10,4,5,84,2,0,0,0,8,90,6036434,0,50,0,116,18727,1990256,25035,0,1,193277,140001,62462,63227,24385,13995,24451,13827,58,1129,1130,64,44271,21133,20802560,2255,83,423,267,4299158,4299046,102,118,81,94,174,6036173,4076363,95,132,3206,336,1436,11,94,2,942,7343621,3131,0,458,8,1,4,274,16,4,278,8,2,1,10
12452.1,1624995882645,50.010672941,1,0,0,5,11,4,6,90,2,0,0,0,28,85,6332064,0,25,0,120,19855,2307162,26071,0,1,192143,139097,59776,60573,23846,13418,23908,13418,60,1073,1073,32,42933,20749,22622642,2207,75,418,265,4277593,4277497,104,118,74,86,164,6331885,4059117,93,125,3128,333,1404,0,87,0,912,7938372,3059,0,493,8,1,4,266,16,4,270,8,2,1,10
12502.1,1624995939396,50.014901754,1,0,0,5,10,4,5,67,2,0,0,0,52,78,6433795,0,26,0,118,9343,2427771,26646,0,1,190248,137559,56260,57703,20624,11338,23253,13827,59,1075,1075,33,37439,17638,23248439,2208,74,421,260,4253414,4253324,104,120,72,87,163,6433739,4040541,93,124,2977,326,1185,0,85,0,908,8113649,3130,0,497,8,1,4,266,16,4,270,8,2,1,10
12552.1,1624995996750,50.011436688,1,0,0,5,10,4,5,64,2,0,0,0,10,50,6274596,0,27,0,116,8173,2242374,24693,0,1,189956,137359,55736,56120,20545,11619,20538,11465,58,1081,1081,33,37150,17576,22211194,2220,72,419,260,4275745,4275643,102,118,71,83,160,6274133,4063297,93,123,2975,324,1169,0,84,0,904,7881766,2960,0,462,8,1,4,239,13,4,243,8,2,1,10
12602.1,1624996054152,50.014195840,1,0,0,5,10,4,5,74,2,0,0,0,19,93,6124276,0,27,0,116,14725,2107539,25540,0,1,190451,137750,56803,56907,20683,11555,20635,11622,58,1080,1080,33,37480,17685,21358187,2218,73,420,263,4264012,4263911,102,119,71,83,160,6124026,4050180,93,123,2995,328,1193,0,84,0,903,7551053,3058,0,457,8,1,4,239,13,4,243,8,2,1,10
12652.1,1624996111288,50.010491299,1,0,0,5,10,4,5,80,2,0,0,0,8,76,6196768,0,26,0,116,24838,2177134,24833,0,1,192341,139315,61220,61938,24046,14019,24093,13670,58,1079,1079,37,43702,20865,21855992,2209,77,422,265,4272060,4271965,102,118,76,89,168,6196572,4051473,94,127,3134,333,1412,0,89,0,917,7689619,3030,0,482,8,1,4,276,16,4,280,8,2,1,10
12702.1,1624996168344,50.019122529,1,0,0,5,10,4,5,80,2,0,0,0,40,79,6196832,0,66,0,116,26417,2173802,25005,0,1,192697,139594,61178,62076,24040,13895,24109,13512,58,1079,1079,37,43725,20894,21830753,2208,78,419,264,4276985,4276886,102,119,77,90,168,6196491,4056659,94,127,3148,359,1414,0,90,0,904,7640502,3168,0,501,8,1,4,264,16,4,268,8,2,1,10
12752.1,1624996225588,50.011482051,1,0,0,5,10,4,5,89,2,0,0,0,6,89,6206206,0,40,0,116,11515,2178630,25283,0,1,191306,138191,57736,58736,20849,10773,23450,12946,58,1090,1090,37,39082,17789,21811507,2230,75,421,259,4274634,4274536,102,118,74,89,167,6205769,4058289,94,126,3072,323,1267,0,87,0,915,7691989,3051,0,475,7,1,4,269,16,4,273,7,2,1,9
12802.1,1624996282404,50.008845645,1,0,0,5,10,4,5,76,2,0,0,0,4,89,6078367,0,48,0,116,10682,2078201,24563,0,1,189305,136844,55586,56225,20575,11274,20578,11118,58,1074,1074,33,37145,17606,21155070,2206,71,417,259,4243896,4243800,102,118,71,84,160,6077974,4032025,93,123,2978,331,1174,0,85,0,904,7450079,2954,0,453,8,1,4,241,13,4,245,8,2,1,10
12852.1,1624996339359,50.010503543,1,0,0,5,10,4,5,64,2,0,0,0,6,70,6141626,0,54,0,116,19243,2100202,24686,0,1,187069,135271,56304,57072,22599,13258,20627,10898,58,1068,1068,33,37251,19618,21390893,2195,73,413,260,4281369,4281275,102,118,71,83,160,6141518,4070337,93,123,2964,335,1162,0,83,0,903,7549231,3049,0,445,8,1,4,252,13,4,256,8,2,1,10
12902.1,1624996396039,50.008721848,1,0,0,5,10,4,5,90,2,0,0,0,12,78,6204150,0,29,0,116,5963,2198600,25398,0,1,193395,139943,59803,60448,23825,13481,23835,13135,58,1082,1082,33,42978,20752,21915567,2223,75,421,265,4259606,4259506,102,118,74,86,164,6203794,4039979,93,125,3152,336,1412,0,86,0,913,7716517,3022,0,486,8,1,4,273,16,4,277,8,2,1,10
12952.1,1624996452671,50.015401707,1,0,0,5,10,4,5,113,2,0,0,0,8,86,6255175,0,57,0,116,8764,2267868,26384,0,1,193678,140307,64092,64180,24654,13434,24523,13072,58,1140,1141,64,44859,21341,22320496,2277,85,425,269,4243230,4243127,102,118,84,95,175,6254867,4019804,95,133,3239,342,1478,13,97,2,958,7840465,3156,0,476,8,1,4,269,16,4,273,8,2,1,10
13002.1,1624996509541,50.013385220,1,0,0,10,23,548,15,9130,8,0,0,0,21,185,5712479,0,53,539,144,19457,1997778,28770,548,2,245165,184594,161486,162584,39423,19005,39356,18362,72,1242,1244,59,72940,33357,20560283,2491,174,405,930,4086430,4086216,99,110,171,206,301,5712234,3743892,192,259,3811,392,2051,20,207,5,1101,6990109,3566,0,909,14,2,7,1162,24,546,1708,9,3,2,12
